0.32896894
0.28681181
0.27161442
0.26471000
0.26918792
0.27971043
0.34844988
0.45421327
0.43921487
0.38448803
0.38345864
0.39841789
0.38478114
0.37706577
0.37672316
0.39852413
0.47482258
0.63966468
0.73968923
0.72173162
0.67886180
0.63192882
0.53407111
0.43828958
0.33504403
0.29850281
0.28443617
0.27825541
0.27539917
0.29417391
0.36126342
0.46287936
0.44733626
0.38900656
0.38857493
0.39140320
0.38128109
0.36843467
0.36716896
0.39661966
0.48338982
0.65515755
0.75371013
0.73958916
0.69142814
0.64324110
0.54203956
0.45095443
0.35773708
0.32684438
0.30543742
0.30565865
0.30649225
0.32199008
0.39462136
0.49803431
0.47758426
0.42342389
0.42690922
0.42686942
0.41289516
0.39763783
0.39846271
0.42564130
0.50960605
0.67035157
0.77358529
0.75540476
0.71260956
0.65784546
0.55226011
0.46510757
0.36292772
0.32871568
0.30994813
0.30794782
0.30353175
0.32121728
0.39340196
0.49030705
0.47023372
0.41108262
0.41013351
0.41429713
0.40728725
0.39215990
0.39258886
0.41819191
0.49822292
0.66248108
0.76282880
0.74483307
0.69751059
0.64225105
0.54986184
0.45298640
0.35388627
0.31986208
0.30771591
0.30996798
0.30955450
0.33095545
0.41067109
0.50648598
0.49752179
0.44462602
0.44998882
0.44600726
0.42606661
0.41277094
0.40230492
0.42688847
0.50416353
0.67809939
0.77381673
0.75316442
0.69893332
0.64251898
0.54776649
0.44573674
0.35235314
0.32250225
0.30689991
0.30389050
0.30605438
0.31939221
0.39065257
0.49112098
0.47434586
0.42164512
0.41702624
0.42380920
0.41178255
0.41135770
0.40215007
0.43180732
0.51804514
0.67945561
0.79101802
0.77350519
0.72440370
0.67161557
0.57433736
0.48174797
0.38657626
0.34751772
0.32992256
0.32983539
0.32598233
0.34437316
0.41249677
0.51679307
0.49693552
0.44817771
0.44954020
0.45642986
0.44406853
0.43103856
0.42785001
0.45241052
0.53606130
0.70045020
0.80032818
0.78279163
0.73879775
0.68427747
0.58547006
0.48411122
0.39185400
0.35070650
0.33899866
0.33315883
0.33178732
0.34894562
0.42332690
0.52804756
0.51408568
0.46153100
0.46382719
0.47143742
0.45820916
0.44836600
0.44483142
0.47058693
0.55354739
0.72197291
0.81679334
0.80177041
0.75421840
0.70322651
0.60599799
0.50561414
0.40520059
0.36610184
0.35361826
0.34950522
0.34729193
0.36688152
0.43624813
0.53713203
0.51944474
0.47077623
0.46575788
0.47052602
0.45967979
0.44511839
0.44361880
0.46496244
0.54943582
0.72018734
0.81971846
0.80242511
0.75064158
0.69082928
0.59891343
0.49631890
0.39008430
0.35790780
0.34207169
0.34607608
0.34309977
0.36362161
0.43797098
0.53469607
0.51937323
0.46629970
0.46997429
0.46207170
0.44844862
0.43817491
0.44025987
0.46313626
0.54539984
0.71502656
0.81053910
0.79955448
0.74589994
0.70130564
0.60205113
0.51052034
0.41402514
0.37356706
0.36698949
0.35144692
0.35633540
0.37176011
0.44414596
0.53435525
0.51534163
0.45649159
0.46103460
0.46653181
0.44947118
0.43445857
0.43530513
0.46479843
0.54605422
0.71548162
0.81523721
0.80081996
0.75722472
0.70379186
0.60386582
0.51349896
0.41503283
0.37358885
0.36365350
0.35801639
0.35271640
0.37130564
0.43921585
0.54794696
0.52303292
0.46827840
0.47226596
0.47297139
0.45147613
0.43526965
0.43311503
0.45271830
0.53099189
0.69525308
0.79472848
0.77123011
0.71971984
0.66339204
0.57151879
0.47134893
0.37831435
0.33569645
0.32004479
0.31520203
0.31139329
0.32743089
0.40325550
0.49425272
0.48139606
0.41801173
0.42286249
0.42053423
0.41186894
0.40165114
0.40145772
0.42091973
0.50543446
0.66594240
0.76937894
0.75152834
0.69505386
0.63796346
0.54621128
0.44842143
0.35627716
0.31633202
0.30538184
0.30408450
0.30553105
0.31902448
0.38478571
0.49578694
0.47964949
0.42499235
0.43050865
0.42892393
0.41762270
0.41238549
0.40829894
0.43473855
0.51486408
0.67840455
0.78636848
0.76289916
0.71250136
0.66353096
0.56062261
0.46677846
0.36121930
0.32327732
0.30620839
0.30326232
0.30360538
0.31492566
0.38149626
0.48192912
0.46678202
0.41907628
0.42902030
0.42517112
0.41059556
0.40322580
0.39884186
0.43129709
0.51087556
0.66321502
0.77434014
0.75096421
0.70298733
0.64743591
0.54409724
0.44200071
0.34058485
0.30193584
0.28729620
0.28367735
0.28505311
0.29513588
0.37031897
0.46398994
0.44947930
0.39666610
0.39256581
0.39268312
0.37544657
0.36333956
0.36717590
0.38838925
0.47225642
0.63599169
0.73506597
0.71250549
0.66894305
0.61768738
0.52018937
0.41705835
0.31999194
0.28569643
0.27361655
0.27452893
0.26577083
0.28692133
0.35412683
0.45461109
0.43369989
0.38424890
0.38254216
0.38178108
0.36891958
0.35420167
0.35925377
0.38336867
0.46893268
0.63058480
0.72841029
0.71698459
0.66104361
0.60427595
0.50333375
0.40628397
0.31100337
0.26892835
0.25850544
0.25585759
0.25491780
0.26616671
0.33435424
0.43618352
0.41156302
0.35766854
0.35276036
0.36089668
0.34818470
0.34027760
0.33624925
0.35937242
0.43674702
0.61018050
0.70741213
0.68940411
0.64303268
0.59181436
0.48500399
0.39147528
0.29647119
0.25951164
0.24189097
0.24746932
0.24302785
0.25602302
0.32754402
0.42669703
0.40979891
0.34870558
0.35244488
0.34728367
0.32717443
0.32052294
0.32092070
0.34127675
0.42750776
0.58418809
0.68236251
0.66291482
0.61201671
0.56841281
0.47174229
0.37931269
0.28208862
0.24505098
0.23469904
0.23088573
0.22716580
0.25442778
0.32885663
0.43768411
0.42319490
0.36594973
0.37972777
0.38529737
0.38282030
0.36868232
0.37398488
0.39633330
0.47301435
0.63938958
0.73484294
0.72082201
0.66727445
0.61949558
0.52364739
0.43389970
0.33579775
0.29725398
0.28277609
0.27660792
0.27554275
0.29068685
0.35519058
0.45555702
0.44518216
0.38910472
0.39742890
0.39846402
0.38850019
0.38358401
0.38151186
0.40723774
0.49022756
0.66417870
0.76274323
0.73862968
0.69444493
0.64162724
0.54070155
0.44971782
0.34388025
0.30667074
0.29407801
0.28612641
0.28551240
0.30288457
0.37829770
0.47591910
0.46279984
0.40748861
0.41475010
0.40934278
0.40316214
0.38712582
0.38828350
0.41083974
0.50137847
0.66346431
0.76941796
0.75589432
0.71330461
0.66060130
0.56522979
0.46711906
0.37246781
0.33907265
0.31856653
0.31761856
0.31358077
0.33133257
0.39930141
0.49849279
0.48730444
0.42886476
0.43357691
0.42777681
0.41245156
0.40027094
0.39584686
0.42032647
0.50418678
0.67314904
0.78370400
0.76893644
0.72272600
0.66783472
0.57397446
0.47736518
0.38318166
0.34653070
0.33414319
0.33011801
0.33163605
0.34124497
0.41487239
0.50654807
0.49054269
0.43830001
0.44222836
0.43454562
0.42448743
0.40854474
0.40460937
0.42961643
0.51336852
0.66850965
0.77646136
0.74858468
0.69899582
0.64551646
0.54739955
0.44413140
0.34340913
0.31151573
0.29506922
0.29403156
0.29232594
0.30578819
0.37054478
0.47083734
0.45113412
0.39264694
0.39625696
0.39263461
0.38043754
0.36926695
0.37349061
0.39009322
0.47102789
0.63940103
0.74166370
0.72053012
0.67427386
0.61995692
0.52214228
0.42118981
0.32674050
0.29025889
0.27402417
0.27244096
0.27565275
0.29498880
0.36465436
0.46720338
0.44762607
0.38852357
0.39518813
0.39499458
0.38116586
0.37090954
0.37034904
0.39603242
0.47605022
0.64238350
0.74684956
0.72375749
0.67626466
0.62083178
0.52488190
0.42838276
0.33150858
0.29271610
0.27805268
0.27586607
0.27540861
0.29554568
0.37050516
0.46374278
0.45630465
0.39703846
0.40076310
0.39541035
0.38402695
0.37790604
0.37909061
0.40399022
0.48777891
0.64922272
0.75113174
0.73022208
0.67669807
0.61974787
0.51994702
0.42249130
0.33113075
0.29521741
0.27673041
0.27570793
0.27959695
0.28773155
0.36935774
0.46321076
0.44906133
0.40073119
0.40399056
0.38896360
0.37756144
0.37050657
0.36417568
0.39228802
0.47606573
0.64149062
0.74417407
0.72132286
0.67425426
0.62337137
0.52147130
0.41781705
0.32118581
0.28013037
0.27042912
0.26592668
0.26279701
0.27721449
0.34840498
0.45204006
0.43480675
0.38349119
0.39089570
0.38779198
0.37354559
0.35871359
0.35684875
0.38331460
0.46710137
0.63469178
0.73769443
0.71534226
0.66282283
0.61625266
0.51547249
0.41529731
0.31416838
0.27400946
0.25851494
0.25310516
0.24669986
0.26862983
0.33402986
0.43501882
0.41519931
0.35376290
0.36389667
0.35338076
0.34128433
0.32908808
0.33454539
0.35777625
0.44132454
0.59733371
0.69493003
0.67973710
0.63614599
0.58564238
0.48582350
0.39341022
0.29241662
0.25861003
0.24361171
0.24339875
0.24430181
0.26722571
0.33513322
0.44371320
0.42231279
0.37049734
0.37269432
0.37176588
0.36175506
0.35598420
0.35536700
0.37868473
0.46044385
0.62803985
0.72698607
0.70823043
0.66448439
0.61462827
0.51809799
0.42311970
0.30662416
0.27540084
0.26996614
0.26112338
0.26768499
0.28186887
0.34299623
0.42620533
0.40573290
0.36010088
0.36179618
0.35411755
0.34716447
0.34237130
0.34441435
0.36447145
0.43076877
0.56442076
0.66639017
0.69781437
0.68429923
0.63668243
0.54306624
0.45145284
0.36353170
0.32887005
0.31087640
0.30894938
0.30963980
0.33268163
0.39763943
0.48025462
0.46210881
0.41748996
0.42597837
0.41235720
0.40026451
0.38597788
0.37424076
0.39350303
0.45277206
0.59167543
0.68782325
0.72035071
0.70502930
0.66064428
0.57036861
0.48557196
0.39308029
0.35618674
0.34432595
0.33731529
0.32985274
0.35198608
0.40631681
0.48414101
0.46727989
0.42727748
0.42790026
0.42076660
0.40659680
0.39552800
0.39079494
0.40305739
0.46952083
0.60450309
0.70311891
0.72956706
0.71058879
0.66424211
0.57173196
0.48065163
0.38851364
0.35193403
0.33902579
0.33480115
0.33262381
0.35295164
0.40750855
0.49136614
0.47172992
0.42622693
0.42812689
0.41676593
0.39805230
0.38695455
0.38172590
0.39540080
0.45937954
0.59493287
0.68581591
0.71951924
0.70262895
0.65850113
0.57287120
0.48572168
0.39563356
0.36115069
0.34463462
0.33728094
0.33935029
0.35490841
0.40779704
0.49256919
0.47453152
0.43659418
0.44625602
0.43607980
0.42643199
0.41427072
0.40815118
0.42224932
0.48625315
0.60783680
0.69814832
0.72478750
0.69682010
0.64526859
0.55471934
0.46895685
0.37164266
0.33194654
0.31503824
0.31108512
0.30447468
0.32131469
0.37435419
0.45273610
0.42580599
0.38011627
0.38696454
0.37753167
0.36377568
0.35119149
0.35341685
0.37005050
0.43291000
0.56282569
0.66550382
0.69234498
0.66866686
0.60928957
0.51329648
0.42123147
0.33085783
0.29628174
0.27857848
0.27586689
0.27524963
0.29697778
0.35779403
0.43802736
0.42017294
0.37247957
0.38025256
0.36835921
0.35598220
0.34576918
0.34305594
0.35808596
0.41907915
0.55075363
0.64410136
0.67395050
0.65282672
0.60197721
0.51164722
0.42607919
0.33689606
0.30442915
0.29202128
0.28692721
0.29039475
0.31038956
0.36621890
0.45106951
0.42904893
0.38546563
0.39251000
0.38659918
0.37321846
0.35564142
0.35278349
0.36438091
0.42716143
0.56138722
0.65634704
0.69216914
0.66980613
0.62905581
0.54315713
0.45731031
0.36287614
0.33558309
0.32469875
0.32447905
0.33045848
0.34733948
0.40077937
0.48412802
0.46176149
0.41794149
0.42171699
0.40930505
0.39464075
0.37386387
0.37063065
0.38645067
0.44517962
0.56691071
0.66305723
0.68981539
0.66181495
0.61165298
0.51640217
0.42344135
0.33200928
0.29837700
0.28417640
0.28075814
0.27597441
0.29741987
0.34676216
0.43128261
0.41144716
0.36667119
0.37180022
0.36475996
0.35085990
0.34676534
0.34044797
0.35534034
0.41399140
0.53374971
0.63262009
0.65579894
0.63487001
0.57975163
0.48424103
0.39824722
0.30384865
0.26824687
0.25519987
0.25258938
0.24853676
0.26777737
0.31688066
0.39956894
0.38416778
0.34018364
0.34698243
0.34553976
0.33689191
0.33194526
0.33469823
0.35470498
0.42140218
0.55600483
0.65271168
0.68295029
0.65441114
0.61026225
0.51664952
0.42504781
0.33228128
0.29708513
0.28205986
0.27619045
0.27513236
0.29198577
0.35348750
0.43483813
0.41459256
0.37584754
0.38490758
0.37770420
0.36467246
0.35552861
0.34785579
0.35862639
0.42483718
0.55032947
0.63970921
0.66660053
0.63889836
0.59391929
0.50430242
0.41301903
0.31493957
0.27786898
0.25569417
0.25076498
0.25209771
0.26999829
0.32520881
0.40625870
0.39003652
0.34076418
0.34388629
0.33622560
0.32052100
0.31044661
0.30616368
0.32028061
0.38351425
0.51904944
0.61054670
0.63886701
0.61529398
0.56480400
0.47155354
0.37986340
0.29020247
0.25982948
0.25095229
0.25100776
0.25167064
0.27122237
0.33019366
0.41407971
0.39331235
0.34421578
0.35027648
0.33727083
0.32440412
0.31416520
0.31285504
0.32976857
0.39389037
0.52083257
0.61219304
0.64612967
0.62101402
0.57169623
0.48116777
0.40231822
0.31512172
0.28424706
0.27312441
0.27075056
0.26771522
0.29073534
0.34541143
0.42931191
0.40730580
0.36413073
0.36795885
0.35504335
0.33649166
0.32128416
0.31925619
0.32981755
0.39423105
0.52359024
0.61676587
0.65314587
0.62907786
0.58025996
0.48952980
0.40394077
0.30761882
0.27314596
0.26171710
0.26034853
0.26240461
0.27995485
0.34071181
0.42693633
0.40680835
0.36309856
0.36680065
0.35927861
0.34635378
0.33004773
0.32790311
0.34191549
0.40238054
0.53765007
0.62860024
0.65925713
0.63703212
0.58688889
0.49786427
0.40347673
0.31752692
0.28133861
0.26979108
0.26326919
0.26530215
0.28565854
0.33873892
0.42498470
0.40702428
0.35650132
0.36306147
0.35191258
0.33539855
0.33091744
0.32713813
0.34546832
0.40508420
0.53205301
0.63364452
0.66161861
0.64569330
0.59191196
0.49329595
0.40491480
0.30989714
0.27184861
0.25534459
0.24995369
0.25322087
0.26938548
0.32756664
0.40775435
0.38929618
0.35192109
0.35951853
0.35118703
0.34222590
0.33382961
0.32792162
0.34393511
0.40636812
0.52741153
0.61846594
0.64990413
0.62692994
0.57888293
0.48450963
0.39455789
0.30200782
0.26453173
0.24759214
0.24615262
0.23804499
0.24927393
0.30768857
0.39502035
0.37651034
0.33832312
0.35055946
0.33792832
0.32903492
0.31758810
0.31765650
0.33453463
0.39820527
0.51750619
0.61128051
0.63937984
0.61935036
0.56286585
0.47049818
0.38182224
0.28865562
0.24557533
0.22576836
0.22784847
0.22924859
0.24287160
0.30417010
0.38803902
0.36720062
0.32683228
0.33588792
0.32919552
0.32146901
0.31033785
0.31073276
0.33030459
0.39448520
0.52334100
0.60694896
0.63848385
0.61312995
0.55901004
0.46705635
0.37780780
0.28297317
0.25037546
0.23773302
0.23642808
0.23642650
0.25035917
0.31054842
0.39110863
0.37487197
0.32517015
0.33292007
0.32158854
0.30482919
0.29555950
0.28763128
0.30271313
0.36090064
0.48939071
0.58619262
0.61898755
0.60471895
0.56193872
0.47465006
0.39281592
0.30236800
0.27656482
0.26056687
0.26137518
0.26146434
0.28191980
0.33635855
0.42225040
0.39742284
0.35019788
0.35643313
0.33911655
0.32375341
0.31244122
0.30422625
0.31819619
0.37247295
0.51063509
0.59757931
0.63118861
0.61097195
0.56731452
0.47037974
0.38544793
0.29706183
0.26541485
0.24998515
0.25348160
0.25485043
0.27154008
0.32684280
0.40859902
0.39004661
0.33835205
0.34817247
0.33590738
0.33054741
0.31992802
0.31869649
0.33487962
0.40103352
0.52591921
0.62394396
0.65123196
0.62668379
0.57469823
0.48227815
0.40009480
0.31100555
0.27929441
0.26866498
0.26604831
0.26898835
0.28915544
0.34590972
0.43521188
0.40571085
0.35886541
0.35994646
0.34529588
0.32657704
0.31133226
0.30709474
0.32210867
0.38186761
0.50378308
0.60617216
0.63618078
0.61323048
0.55955759
0.47099823
0.38183460
0.28957008
0.25279289
0.24295880
0.23546770
0.23911374
0.25621654
0.31046055
0.39188576
0.37084608
0.33101728
0.33850783
0.32881737
0.31648738
0.30411198
0.30133457
0.31399224
0.37404679
0.50358120
0.60334089
0.63045634
0.60917507
0.55552843
0.46264736
0.37502436
0.28284487
0.24756237
0.23216809
0.23121700
0.22964795
0.24835616
0.30481579
0.38973303
0.36338932
0.32136703
0.32757595
0.31581559
0.30065753
0.28702905
0.28423082
0.29872551
0.36251967
0.48631998
0.58114541
0.61318703
0.59052159
0.54196763
0.45005534
0.35995468
0.27119632
0.23095715
0.21509892
0.21642678
0.21729219
0.23391480
0.29270458
0.37222062
0.35362076
0.30802543
0.30821139
0.30665865
0.29892823
0.28773912
0.28875654
0.30181903
0.36554510
0.48763833
0.58048118
0.61115226
0.59084562
0.53395606
0.44166769
0.35579656
0.26622694
0.23365389
0.22025299
0.21881810
0.22036681
0.23740933
0.28749364
0.37173897
0.35030465
0.30663323
0.30713091
0.29680903
0.28269925
0.27022805
0.26636355
0.28106223
0.34863217
0.47966852
0.56860807
0.60299268
0.58312323
0.53091618
0.44275645
0.35679822
0.24017604
0.20713652
0.19717240
0.19594280
0.20014681
0.22221357
0.27295265
0.33545522
0.31696176
0.29404661
0.30601536
0.29672303
0.28884798
0.27974272
0.27892699
0.29056773
0.33456920
0.43197935
0.50268461
0.55247994
0.56613440
0.52681683
0.44868412
0.37160993
0.29221617
0.26108905
0.24943957
0.24979423
0.25147787
0.26791804
0.30944856
0.37019061
0.34997248
0.32056141
0.32504646
0.31379252
0.30269240
0.29049893
0.28529546
0.29333678
0.33739921
0.43348304
0.50822627
0.55789830
0.57451096
0.53603451
0.45711121
0.38191792
0.30126880
0.27468184
0.26486438
0.26498086
0.26725903
0.28752958
0.33538250
0.39175289
0.36776369
0.33848872
0.34101937
0.32303557
0.30415788
0.29103244
0.28584789
0.29417525
0.34202292
0.43964862
0.50898000
0.56040116
0.57461276
0.53308982
0.45008941
0.37440591
0.29289427
0.26520736
0.25621288
0.25415864
0.25358318
0.26936315
0.31432637
0.37440152
0.35420166
0.32981043
0.34024154
0.32773129
0.31699473
0.30658891
0.30236184
0.31090741
0.35670282
0.45336433
0.52111037
0.56809316
0.58082833
0.53607651
0.45718517
0.37733964
0.29201228
0.25995020
0.24778149
0.24537200
0.24788080
0.26289213
0.30988277
0.37092886
0.34728624
0.32247973
0.32966717
0.31777790
0.30824990
0.29679721
0.28931103
0.29600147
0.33946818
0.43849303
0.50835054
0.55779524
0.57400752
0.53129056
0.44867792
0.37061017
0.28739073
0.25679736
0.24210123
0.23729961
0.23667829
0.25062212
0.29347565
0.34842918
0.32518703
0.29900570
0.30240688
0.28802850
0.27446675
0.26026088
0.25173184
0.26141813
0.30795082
0.40658386
0.47831418
0.52781381
0.54247556
0.49753697
0.41638142
0.34131862
0.26469495
0.23877127
0.23212849
0.23006544
0.23346810
0.24951123
0.29500814
0.35759587
0.33379718
0.30183173
0.30249603
0.28369913
0.26722604
0.25443049
0.24721540
0.25506283
0.30280502
0.40181473
0.47370608
0.52269591
0.53503963
0.49146733
0.41105449
0.33556359
0.25685183
0.22607285
0.21259399
0.21318165
0.21721543
0.23287890
0.27685107
0.33901691
0.31582989
0.29003608
0.29642687
0.28393417
0.27352348
0.26482101
0.25685107
0.26880189
0.31299048
0.40868488
0.47952143
0.53041771
0.54499376
0.50168715
0.42311597
0.34432307
0.26304989
0.23132645
0.21854421
0.21639250
0.21491197
0.23213333
0.27783063
0.33887804
0.31526951
0.28509051
0.29027096
0.27992291
0.26869739
0.26147187
0.25852390
0.26905831
0.31535334
0.41220758
0.48385075
0.53437891
0.54918533
0.50576112
0.42328458
0.34853866
0.26977838
0.23796897
0.22568299
0.22426917
0.22460095
0.23637380
0.27842554
0.33719951
0.31770900
0.29232983
0.29551952
0.28608037
0.27727605
0.27467063
0.27272569
0.28936227
0.33703843
0.43465286
0.50952040
0.55859653
0.57299689
0.53138033
0.44980916
0.37275051
0.28988618
0.25846431
0.24807756
0.24360296
0.24290185
0.25607623
0.30007202
0.35711006
0.33462149
0.30612920
0.31085339
0.30111838
0.29115683
0.28043968
0.27616740
0.28522954
0.32813626
0.42391447
0.49442880
0.54456244
0.55892330
0.51520186
0.43123988
0.35215378
0.27000309
0.23802772
0.22378174
0.22248169
0.22224583
0.23685844
0.28108997
0.34243172
0.32268982
0.29592796
0.30074374
0.28383160
0.27001517
0.26033225
0.25593439
0.26921558
0.31947938
0.42184605
0.49830991
0.54973846
0.56458060
0.51991534
0.44052868
0.36303713
0.28183353
0.24902501
0.23497434
0.23375025
0.23578561
0.25167746
0.29682998
0.35708229
0.33550841
0.30874549
0.31663730
0.30691243
0.29969477
0.29085817
0.28717768
0.29968678
0.34219148
0.43995721
0.50839503
0.55365856
0.56427248
0.52034842
0.43884908
0.36175356
0.27853998
0.24797420
0.23833177
0.23514338
0.23487865
0.25138445
0.29231599
0.35339518
0.33438871
0.30839110
0.31397840
0.30172659
0.29485357
0.28807230
0.28535687
0.29639149
0.34186458
0.44008610
0.51152890
0.55814928
0.56989551
0.52761610
0.44319079
0.36607789
0.28198761
0.25435674
0.24330958
0.24007859
0.24114655
0.25586307
0.29927953
0.35823196
0.33555825
0.30406778
0.30836463
0.29298773
0.28025996
0.26935830
0.26385049
0.27601661
0.32412434
0.42011850
0.49538961
0.54746922
0.56066512
0.51692353
0.43655451
0.35766826
0.27917970
0.24926833
0.23705716
0.23763151
0.23861129
0.25347908
0.29714265
0.35646774
0.33561794
0.30919010
0.31187815
0.29799737
0.28427986
0.27513375
0.27074564
0.28407205
0.33161052
0.43333618
0.50644966
0.55624492
0.57141574
0.52962250
0.44836847
0.37075412
0.28781737
0.25913060
0.25106205
0.25089254
0.25451744
0.27289014
0.32081552
0.38007924
0.35620182
0.32429270
0.32785596
0.31125464
0.29699514
0.28286227
0.27954395
0.28816581
0.33098551
0.42802760
0.50184409
0.55071153
0.56817608
0.52621424
0.44747339
0.36871867
0.28873904
0.26120127
0.25057008
0.25407982
0.25657718
0.27424468
0.32127509
0.38286204
0.36214798
0.33454291
0.33867335
0.32209571
0.30564406
0.28898384
0.27727151
0.28744832
0.33021086
0.42966392
0.50175621
0.55230216
0.56711832
0.52941649
0.44865437
0.36990593
0.28846799
0.25780029
0.24598500
0.24372209
0.24659890
0.26261123
0.30291076
0.36227552
0.34204167
0.31524422
0.31889360
0.30634305
0.29194883
0.27989417
0.27380380
0.28342624
0.32998507
0.42835700
0.50263796
0.55198822
0.56676021
0.52483552
0.44611623
0.37141827
0.29214196
0.26324317
0.25228522
0.25452703
0.25562096
0.27188173
0.32014559
0.37379625
0.34897931
0.31779992
0.32032971
0.29946421
0.27999920
0.26336137
0.25531049
0.26216533
0.30868428
0.40443361
0.47878594
0.52984538
0.54550707
0.50627012
0.42691973
0.34910749
0.26950405
0.24286551
0.23121101
0.23166750
0.23491049
0.25156083
0.29316996
0.35182848
0.33164107
0.30484746
0.30850194
0.29150621
0.27465835
0.26277415
0.25411558
0.26051114
0.30368539
0.39824495
0.46851079
0.51988919
0.53342552
0.49191619
0.41272312
0.33816767
0.25810471
0.22754512
0.21584499
0.21216883
0.21489759
0.22725172
0.26832723
0.32594339
0.30505549
0.27715339
0.28125066
0.26666494
0.25725727
0.25077955
0.24701255
0.26184992
0.30722887
0.40460081
0.47539334
0.52486110
0.53908825
0.49479064
0.41525598
0.33529213
0.25455622
0.22578384
0.21260692
0.21176670
0.21418123
0.22824743
0.26872101
0.32473871
0.30015492
0.26966823
0.27088694
0.25596453
0.24270498
0.23416837
0.23312222
0.24639142
0.29037548
0.38685993
0.45783630
0.50577700
0.51955948
0.47828935
0.39519710
0.31798715
0.23860961
0.20796226
0.19930589
0.20162445
0.20591046
0.22205428
0.26763205
0.32295237
0.29982250
0.27068617
0.26792111
0.25168999
0.23814090
0.22458233
0.21862510
0.23028416
0.27557670
0.37294819
0.44731846
0.49771032
0.51567559
0.47622943
0.39494429
0.32154987
0.24168194
0.21253573
0.20319627
0.20376742
0.20364763
0.21748726
0.26468064
0.32350419
0.30389734
0.27777479
0.28417473
0.27233022
0.26000714
0.24978630
0.24533558
0.25948782
0.30366516
0.40143765
0.47176100
0.51963122
0.53500558
0.49474703
0.40972256
0.33077356
0.24593524
0.21387530
0.19807355
0.19222162
0.19017437
0.20732999
0.25065328
0.31182165
0.29211822
0.26777797
0.27113526
0.25905132
0.24951812
0.24034207
0.23747513
0.24724569
0.29270394
0.39018076
0.46282897
0.51064242
0.52608558
0.48432014
0.40246266
0.32381246
0.24209460
0.21447375
0.20306684
0.20099446
0.20033304
0.21447604
0.26224836
0.32183791
0.30008716
0.26959849
0.27118398
0.25850386
0.24539776
0.23279442
0.22821204
0.23956757
0.28722934
0.38269220
0.45453525
0.50332936
0.51785986
0.47398165
0.39425504
0.31790149
0.23643795
0.20798232
0.19664166
0.19421056
0.19246545
0.20898797
0.25022093
0.30443431
0.28315085
0.25869877
0.26231690
0.24949164
0.24094806
0.23398989
0.23489711
0.24575560
0.29036336
0.38565739
0.45765432
0.50576702
0.51830255
0.47407055
0.39397777
0.31578399
0.23462095
0.20379149
0.19224966
0.18953084
0.18917963
0.20302457
0.24583178
0.29979565
0.27755502
0.25122276
0.25397823
0.24400412
0.23618898
0.22883704
0.22880691
0.24164575
0.28959877
0.38602774
0.45946719
0.50899953
0.52187181
0.47694090
0.39634632
0.31859189
0.23554641
0.20430312
0.19305282
0.19184596
0.19172682
0.20594645
0.24959696
0.30649146
0.28599244
0.25840439
0.25830132
0.24446139
0.23130721
0.22329483
0.21990768
0.23063002
0.27932937
0.37319567
0.44548198
0.49550756
0.51125384
0.47255652
0.39240243
0.31623320
0.23582577
0.21082313
0.20124384
0.20076421
0.20136164
0.21651863
0.25710332
0.31421045
0.29203262
0.26149342
0.26224529
0.25086583
0.23935416
0.22550859
0.21886358
0.23057477
0.27668994
0.37291375
0.44580427
0.49803930
0.51697970
0.47582061
0.39892299
0.31990983
0.29364742
0.27039609
0.25187576
0.24850566
0.25604165
0.29286577
0.34705633
0.35825486
0.34452486
0.35208254
0.35234387
0.33869486
0.31774072
0.30618696
0.31171347
0.33750241
0.38024976
0.42148225
0.45608612
0.52675074
0.56253260
0.53178244
0.47142283
0.39959143
0.34733908
0.31368849
0.30226275
0.30879240
0.33717540
0.39542541
0.46475910
0.43567008
0.40287086
0.40231043
0.38720306
0.35641203
0.32781376
0.32024353
0.31649775
0.34820391
0.42111340
0.46460550
0.50479754
0.58748354
0.61085847
0.51652869
0.41580063
0.32878115
0.29765313
0.28146428
0.27313896
0.26873487
0.28266348
0.33281733
0.41385977
0.38662453
0.33847104
0.34679045
0.35008789
0.32781702
0.30716704
0.29959587
0.30540879
0.33503193
0.40067149
0.44763661
0.47980974
0.55717534
0.57185482
0.48467102
0.38903813
0.30368282
0.26427504
0.24630040
0.24943030
0.24980836
0.26541079
0.31944150
0.39476282
0.37078962
0.32750823
0.33332334
0.32556178
0.30227363
0.28987747
0.27693704
0.27667793
0.32161272
0.39705085
0.42983356
0.46443286
0.54212711
0.56343091
0.46399415
0.36651250
0.28237475
0.25742316
0.24603443
0.23782349
0.22571173
0.24339520
0.29536715
0.36405583
0.33420690
0.30034587
0.31842416
0.31407501
0.30708961
0.30109385
0.29374980
0.29578026
0.32832927
0.40595873
0.43740005
0.47221016
0.54621134
0.56252899
0.46981739
0.37102269
0.27048371
0.23342286
0.21452705
0.21365712
0.22114820
0.25278873
0.31472163
0.39147777
0.36166294
0.32704878
0.33229816
0.32163121
0.30322017
0.28732567
0.27389793
0.27663035
0.30061248
0.36473374
0.40719283
0.43600366
0.52241492
0.54452667
0.45686626
0.37443564
0.28273086
0.25815748
0.24762209
0.24044199
0.24118729
0.25886872
0.31302097
0.37772863
0.33608880
0.30364484
0.31019970
0.29783113
0.29453636
0.28466041
0.27775698
0.28282905
0.31805444
0.38595815
0.41632615
0.44844316
0.53600364
0.54721510
0.46214643
0.37321694
0.27831604
0.24373042
0.23746493
0.23757755
0.22885657
0.24115932
0.30173187
0.38164799
0.35963989
0.32489766
0.32901669
0.32261592
0.29681456
0.27555876
0.27329720
0.28147106
0.33414620
0.40923489
0.44513885
0.48410017
0.56651479
0.57606696
0.46879307
0.37176942
0.27663795
0.25231734
0.23873937
0.23045067
0.22368340
0.24831100
0.30227906
0.37580406
0.34006097
0.31337407
0.32835581
0.32960459
0.32624974
0.31124413
0.30773644
0.31271394
0.35303227
0.42947134
0.45719855
0.49427671
0.57598427
0.58231935
0.48330920
0.39318357
0.30145112
0.27135788
0.25104892
0.25240941
0.25128881
0.26273896
0.31626197
0.39337491
0.36925821
0.32264988
0.32948646
0.33103674
0.30477342
0.28477073
0.27573607
0.27631996
0.30791801
0.38246737
0.42749157
0.47183519
0.55863534
0.56852732
0.48220982
0.39611561
0.30766411
0.27787610
0.25237601
0.24448333
0.25283010
0.27841853
0.32830224
0.39892146
0.37572059
0.33880682
0.33441338
0.32549551
0.31851073
0.31102551
0.30477849
0.31017245
0.34513526
0.41511021
0.45489094
0.48649528
0.56857139
0.58942546
0.49250807
0.40601409
0.31412126
0.28307048
0.27254144
0.27402371
0.27359451
0.29309815
0.33777739
0.39802274
0.37273264
0.34314276
0.35170162
0.34103397
0.33956532
0.31425150
0.30129887
0.30342299
0.32964583
0.39545117
0.42849768
0.46599544
0.55156790
0.56300513
0.45740569
0.36883200
0.27473398
0.23921947
0.23009774
0.23266093
0.23726638
0.25807569
0.31222761
0.38040364
0.35268903
0.31304850
0.32085541
0.31471584
0.30446165
0.28978715
0.27104027
0.26784581
0.29493855
0.36861139
0.41652302
0.45222060
0.53717235
0.55859130
0.46543958
0.36900413
0.27733053
0.24899125
0.24034174
0.23882397
0.23038835
0.25216462
0.30041015
0.37476880
0.35850520
0.32039704
0.33449479
0.33295551
0.32216733
0.30290716
0.29241991
0.30688569
0.35347065
0.42307127
0.45476686
0.48705390
0.55782530
0.56999501
0.48225771
0.38631340
0.29243918
0.25959073
0.24443308
0.24485546
0.23810433
0.25160995
0.31742013
0.39496747
0.36350190
0.33168824
0.35274825
0.34568820
0.34514463
0.32726685
0.32130025
0.32715429
0.36957303
0.43916363
0.46932405
0.50125822
0.58215963
0.59743668
0.50093009
0.40876207
0.31383033
0.28372372
0.26770205
0.26209990
0.26559950
0.28034200
0.32660878
0.39835412
0.37484915
0.34294034
0.35400559
0.34688771
0.33698984
0.32806381
0.31655109
0.32493391
0.36010690
0.42987785
0.46968883
0.50396132
0.58556063
0.58749555
0.49864018
0.41372700
0.31860643
0.28983839
0.26803443
0.25839398
0.25868055
0.27268284
0.34311172
0.41590184
0.38817988
0.34814890
0.35588070
0.34225684
0.34289708
0.34073490
0.33373184
0.33272892
0.36536931
0.42916963
0.46164099
0.50232943
0.58092178
0.59288767
0.49442439
0.39342036
0.31813872
0.29512572
0.28383210
0.28324271
0.29613544
0.31017908
0.36750440
0.42977647
0.39428432
0.35663063
0.37083844
0.35114033
0.31422437
0.29305282
0.29575796
0.29662888
0.32680523
0.40589302
0.43777508
0.47327354
0.55494762
0.57014136
0.47416221
0.39188689
0.30489346
0.28595744
0.26695561
0.26207900
0.25809541
0.28307028
0.32718673
0.40519363
0.38525214
0.34642646
0.34814010
0.32516257
0.30333251
0.28043264
0.26655666
0.28131335
0.31792253
0.39327920
0.43089879
0.45231896
0.53005563
0.55970030
0.46695902
0.37618004
0.28919914
0.26155419
0.25117436
0.24958632
0.25068516
0.27481591
0.32336856
0.39413789
0.36608449
0.32912832
0.33739115
0.33382614
0.32730829
0.30558861
0.28735107
0.30066772
0.33939558
0.40916375
0.44739822
0.47469054
0.54577082
0.55869401
0.45303498
0.35324535
0.26490378
0.23165000
0.22095633
0.21933947
0.21820192
0.23094934
0.27432113
0.36329968
0.34852844
0.30717598
0.31573718
0.30505938
0.27492636
0.26511125
0.26597704
0.27453856
0.30857896
0.37816024
0.40447744
0.45379289
0.53775464
0.53912942
0.44692968
0.35855575
0.26780752
0.23593667
0.21928617
0.21492723
0.20932663
0.22818692
0.28051804
0.35333278
0.33811560
0.31028853
0.32054928
0.31210483
0.29583550
0.28619988
0.28301598
0.27538000
0.31240047
0.37871896
0.41828700
0.46510685
0.54216472
0.55441462
0.46620206
0.37294338
0.26950731
0.23258395
0.21113241
0.21591215
0.21264039
0.22797950
0.29426008
0.37425993
0.33775735
0.30401969
0.31926169
0.31305414
0.28735877
0.26628238
0.26716596
0.27775157
0.31122742
0.38602940
0.42062813
0.46290019
0.54338997
0.54939320
0.45846451
0.37362243
0.28615776
0.24598034
0.22359149
0.21829167
0.21036424
0.23074525
0.28321609
0.35854663
0.31920074
0.28616857
0.30217128
0.29536878
0.27790022
0.27921692
0.26797165
0.27033099
0.30055970
0.37633477
0.41381273
0.45127635
0.53549540
0.54619136
0.46093697
0.35832919
0.26345205
0.22436755
0.21244796
0.21263969
0.20767109
0.23867221
0.28859071
0.35862250
0.33354910
0.29002206
0.30183049
0.30583622
0.29841688
0.27362876
0.26369757
0.27424800
0.31575344
0.39019697
0.42629971
0.46849213
0.54886375
0.56978848
0.47787861
0.37856797
0.27262475
0.23303964
0.21290451
0.21017473
0.21280921
0.21941514
0.27359782
0.35237060
0.33587993
0.30054180
0.29838550
0.28125364
0.26882048
0.25715602
0.25929503
0.25733149
0.29337941
0.36199510
0.39610514
0.44449205
0.52927904
0.53570141
0.43831323
0.34639191
0.26434642
0.22050216
0.20102018
0.20483322
0.21159184
0.23008515
0.27207557
0.34369025
0.32641963
0.29899503
0.30459879
0.29515916
0.28285149
0.26122159
0.25293029
0.26183430
0.30357413
0.37202510
0.39694511
0.43631364
0.52170398
0.52756501
0.43156137
0.34654290
0.25355738
0.22951401
0.21936749
0.21671399
0.21299649
0.23005766
0.27339406
0.33742212
0.30799993
0.27588851
0.28887265
0.27212378
0.25586812
0.24882782
0.24902119
0.24767421
0.29174362
0.36331116
0.40111515
0.44002810
0.50829875
0.51914749
0.42407520
0.34564532
0.25555860
0.21979298
0.20224870
0.20346462
0.20367261
0.22511180
0.28635357
0.36391836
0.33487132
0.29942689
0.31357898
0.30812807
0.28365211
0.26021407
0.26236106
0.27274988
0.30226422
0.37551050
0.40738430
0.45431432
0.53104366
0.53351892
0.43730841
0.34755101
0.25894322
0.22581242
0.20827144
0.20313009
0.21476958
0.22130403
0.28482140
0.35850888
0.33919465
0.30453270
0.30732158
0.31371346
0.30968464
0.29309176
0.28662097
0.29339330
0.32946379
0.40741852
0.42902212
0.45700878
0.54726959
0.55618887
0.45757080
0.36439860
0.27435340
0.19705735
0.18277653
0.18260728
0.18359397
0.19959677
0.24054994
0.28933526
0.27096711
0.25207294
0.25530024
0.24991728
0.23754260
0.22292180
0.21658539
0.22156044
0.25198927
0.30541347
0.33099678
0.34974981
0.41017924
0.45008329
0.37933888
0.30289184
0.22439044
0.19750410
0.18867773
0.18971595
0.19193589
0.20619218
0.24409177
0.29087571
0.26820680
0.24753332
0.25021106
0.24294539
0.22929617
0.21847984
0.21230593
0.21738422
0.24886222
0.30247486
0.32631830
0.34615912
0.40470912
0.44677497
0.37760267
0.30529451
0.22648756
0.19799859
0.18618108
0.18384755
0.18305867
0.19318532
0.22998640
0.27506573
0.25320964
0.23414177
0.24011007
0.23656369
0.22738640
0.21845810
0.21399017
0.22118033
0.25034114
0.30083845
0.32490864
0.34291845
0.40310308
0.44678546
0.37828001
0.30537170
0.22779227
0.19940770
0.18773161
0.18661638
0.18575838
0.19596847
0.23209265
0.27930444
0.25880951
0.24160093
0.24568691
0.24145386
0.23066041
0.21690865
0.20992038
0.21484533
0.24343823
0.29668866
0.31969470
0.33699494
0.39912320
0.44126430
0.37515810
0.30285067
0.22510563
0.19453371
0.17932695
0.17675160
0.17571359
0.18957377
0.22862438
0.27582139
0.25577651
0.23792818
0.24323394
0.23735381
0.22767487
0.21541408
0.20743688
0.21282280
0.24295418
0.29703539
0.32361099
0.33992175
0.39869929
0.43489598
0.36154813
0.28354533
0.20670275
0.17953579
0.17021069
0.17192664
0.17451233
0.19313082
0.23342471
0.28616793
0.26580993
0.24723119
0.25047574
0.24417381
0.23541432
0.22609837
0.22365780
0.22798161
0.25861195
0.31165024
0.33474029
0.35229460
0.40956191
0.44504986
0.37073294
0.29219795
0.21299690
0.18521751
0.17275501
0.17330971
0.17437508
0.18945395
0.23067907
0.27940489
0.25629287
0.23817269
0.24374435
0.24218793
0.23705193
0.22962736
0.22588202
0.23114294
0.26359651
0.31517868
0.33852395
0.35298543
0.40742114
0.44466304
0.37175356
0.29536449
0.21510809
0.18646359
0.17433024
0.17334307
0.17603301
0.19290282
0.23349540
0.28192204
0.25920794
0.23758900
0.24076941
0.23502042
0.22627708
0.21611835
0.21239505
0.21713302
0.24812257
0.30352422
0.32879822
0.34366982
0.40354630
0.44154410
0.36910517
0.29423645
0.21654374
0.18906292
0.17808937
0.17749361
0.17713627
0.18954252
0.22679192
0.27821266
0.25659566
0.23935202
0.24475021
0.23851966
0.22745962
0.21572602
0.21217911
0.21847131
0.25052666
0.30386771
0.32698704
0.34520611
0.40264760
0.44150329
0.36859035
0.29506461
0.21577925
0.18734201
0.17626575
0.17476324
0.17622274
0.19046628
0.23224702
0.27933108
0.25836740
0.23719969
0.23955883
0.23538597
0.22784805
0.21951046
0.21807746
0.22678838
0.25874531
0.31576522
0.34050697
0.35965156
0.41880376
0.45854327
0.38677929
0.30969130
0.22954560
0.19889745
0.18255967
0.18030222
0.18070770
0.19455217
0.23290275
0.28046560
0.26007474
0.24180491
0.24785280
0.24596979
0.24114202
0.23571242
0.23446833
0.24243857
0.27221368
0.32839420
0.35373467
0.37039270
0.42623390
0.46054262
0.38367096
0.30420044
0.22446527
0.19380242
0.17947794
0.17553324
0.17280292
0.18434631
0.22127769
0.27269657
0.25311029
0.23829488
0.24619571
0.24318337
0.23520653
0.22498492
0.22081692
0.22667645
0.25573498
0.30685382
0.33123939
0.34920150
0.41060202
0.45021932
0.37674615
0.29806447
0.21882745
0.19155858
0.17737031
0.17572925
0.17571867
0.19018663
0.23316997
0.28435672
0.26715114
0.25091274
0.25666721
0.24987669
0.23972447
0.22809663
0.22196861
0.22898982
0.25983840
0.31316132
0.33613257
0.35305355
0.41098259
0.44816344
0.37370002
0.29144742
0.21238176
0.18255486
0.17333364
0.17448193
0.17559482
0.19391982
0.23360054
0.28528455
0.26659463
0.25016517
0.25477213
0.25019316
0.24030594
0.22802863
0.22213017
0.22496671
0.25223831
0.30655952
0.33009963
0.34600680
0.40498657
0.44475358
0.37127955
0.29449893
0.21482366
0.18556036
0.17520017
0.17505847
0.17532057
0.18769112
0.22615076
0.27539044
0.25622895
0.23913947
0.24704897
0.24318202
0.23523009
0.22693312
0.22394728
0.23124671
0.26152063
0.31469075
0.33636769
0.35283627
0.41293945
0.44829026
0.37507159
0.29797832
0.21985706
0.19189097
0.18192033
0.18130028
0.18017108
0.19267937
0.22759127
0.27454392
0.25272679
0.23481600
0.24180583
0.23829756
0.22725910
0.21572212
0.20917701
0.21459623
0.24596221
0.30175755
0.32538455
0.34338232
0.40256832
0.44153860
0.37023016
0.29404883
0.21432244
0.18346241
0.17134998
0.16790691
0.16711369
0.18181561
0.22083005
0.26822716
0.24467600
0.22554016
0.23100887
0.22544339
0.21866478
0.20692350
0.20147535
0.20672797
0.23642345
0.29001170
0.31469461
0.33252126
0.39030638
0.42820236
0.35486490
0.27836044
0.20121204
0.17568410
0.16860923
0.16993288
0.16933919
0.18159283
0.21921072
0.26691409
0.24637938
0.22689906
0.23015048
0.22401873
0.21386039
0.20322077
0.19764593
0.20328712
0.23341292
0.28550975
0.30784648
0.32418742
0.38313285
0.42128471
0.34748598
0.27315569
0.19521324
0.16806432
0.15836252
0.16040565
0.15904663
0.17396244
0.21391690
0.26156610
0.24180912
0.22287741
0.22459998
0.22116031
0.21296184
0.20285094
0.19880832
0.20322895
0.23086215
0.28218154
0.30647867
0.32473817
0.38276813
0.41975964
0.34581243
0.26847321
0.18891116
0.15926425
0.14872029
0.15152771
0.15301109
0.17184518
0.21259668
0.26378342
0.24607400
0.23064574
0.23688087
0.23331682
0.22619482
0.21325783
0.20830609
0.21203712
0.24169080
0.29352893
0.31592155
0.33456922
0.39353195
0.43248336
0.35754902
0.27807720
0.19688057
0.16479323
0.15412476
0.15198933
0.15445810
0.16967676
0.21254567
0.26598237
0.24907495
0.23485493
0.24465181
0.24264821
0.23460790
0.22582299
0.22183933
0.22814119
0.25788188
0.31188900
0.33695161
0.35579125
0.41380025
0.44934842
0.37321523
0.29418862
0.21444718
0.18501364
0.17062402
0.16793280
0.16689091
0.18260858
0.22203672
0.27347471
0.25442226
0.23874175
0.24741437
0.24403684
0.23927093
0.23159566
0.22974952
0.23593022
0.26665601
0.31870148
0.34179368
0.35841482
0.41648052
0.45388783
0.37994732
0.30244063
0.22168122
0.19194676
0.18065878
0.17937235
0.17923227
0.19390503
0.23060788
0.27735632
0.25610305
0.23659800
0.24164969
0.23568356
0.22562132
0.21645344
0.21170488
0.21732667
0.24707518
0.30279877
0.32749695
0.34338499
0.39967925
0.43331428
0.35831490
0.28062395
0.20082733
0.17191931
0.16149678
0.15983841
0.16115847
0.17640960
0.21769276
0.26633726
0.24650497
0.23022718
0.23542042
0.23537745
0.22916573
0.22224139
0.21966657
0.22617957
0.25623715
0.30972477
0.33186601
0.34774848
0.40614030
0.44211537
0.36893170
0.29127172
0.21275606
0.18276720
0.17171317
0.16991517
0.17148759
0.18644440
0.22440528
0.26988247
0.24620520
0.22809551
0.23333845
0.23086285
0.22288298
0.21422760
0.21020295
0.21603202
0.24463267
0.29548648
0.31613983
0.33122331
0.39037980
0.42862189
0.35913071
0.28357349
0.20522749
0.17601688
0.16500270
0.16566981
0.16835680
0.18479191
0.22095503
0.26257739
0.22929759
0.19604450
0.18636822
0.17152900
0.15970265
0.14916859
0.14947599
0.16437278
0.20167067
0.26276438
0.29025404
0.30820862
0.36516226
0.40059754
0.32770833
0.25788428
0.18885406
0.16786805
0.16312938
0.16804912
0.17192514
0.18775462
0.22120342
0.25870040
0.22505163
0.19121520
0.18481879
0.17254085
0.16106802
0.15450529
0.15624658
0.16811953
0.20195966
0.25749037
0.28378508
0.30119573
0.36116130
0.39726524
0.32633009
0.25595203
0.18692314
0.16679086
0.16147453
0.16576415
0.16637156
0.18120099
0.21548913
0.25878062
0.22719084
0.19528931
0.18958957
0.17704074
0.16484747
0.15595510
0.15473273
0.16550070
0.19753477
0.25181298
0.27471998
0.28950642
0.34600821
0.38289872
0.31297535
0.24544965
0.17717753
0.16052742
0.15425009
0.15859038
0.16319358
0.17930908
0.22001735
0.26699805
0.24620139
0.22433897
0.22751407
0.22262517
0.21437784
0.20688306
0.20496723
0.21237387
0.24127911
0.29492833
0.31783535
0.33397355
0.39041949
0.42597260
0.35438364
0.27692131
0.19779749
0.16881689
0.15591390
0.15509576
0.15511532
0.16889611
0.21038557
0.26202285
0.24372427
0.22663055
0.23092455
0.22598214
0.21816520
0.20616934
0.20148031
0.20573424
0.23532663
0.29213166
0.31771273
0.34006615
0.40021481
0.44067039
0.36760262
0.28952343
0.20741104
0.17571493
0.16415903
0.16353064
0.16390996
0.18002124
0.22077241
0.27068940
0.24921891
0.22920474
0.23263040
0.22714456
0.21967473
0.20992247
0.20696081
0.21481050
0.24518289
0.30045954
0.32409962
0.34278662
0.40162274
0.44081193
0.36790351
0.28941404
0.21103889
0.18807093
0.17380339
0.17259596
0.17368270
0.18938581
0.23279606
0.28844295
0.27253583
0.25885927
0.26478532
0.25980190
0.24824968
0.23733494
0.23130936
0.23577974
0.26339504
0.31373088
0.33715183
0.34844050
0.40525578
0.46042528
0.39184297
0.30392518
0.21493651
0.18326269
0.17080696
0.17141553
0.17422168
0.18884439
0.23116331
0.28086241
0.26347744
0.24869927
0.25395110
0.25096623
0.24040460
0.22792858
0.21917275
0.22395401
0.25079499
0.30316087
0.32726842
0.33875945
0.39525227
0.45060150
0.38257849
0.29658135
0.20926240
0.17872123
0.16710714
0.16618687
0.16806455
0.18286294
0.22423112
0.27706492
0.26088410
0.24996438
0.25849421
0.25800624
0.25107252
0.24270645
0.23834788
0.24377298
0.27251515
0.32811332
0.35193408
0.36350200
0.42084379
0.47417915
0.40555503
0.31466064
0.22184062
0.18906737
0.17453300
0.17391532
0.17478116
0.19044921
0.23167984
0.28587083
0.27040743
0.25857305
0.26751782
0.26538747
0.25528379
0.24513998
0.24049056
0.24693204
0.27613211
0.32896597
0.35123101
0.36140350
0.41659291
0.47016137
0.40038359
0.31188345
0.22079975
0.18709060
0.17162048
0.16924518
0.16889077
0.18375628
0.22371493
0.27476646
0.25548049
0.24032224
0.24631157
0.24223525
0.23252955
0.22266606
0.21813072
0.22413660
0.25501966
0.31052878
0.33466701
0.34564396
0.40218118
0.45586545
0.38816298
0.29880914
0.21075824
0.17941585
0.16612659
0.16660309
0.16792881
0.18349901
0.22505286
0.27733752
0.25729405
0.24076649
0.24466846
0.23973554
0.22994794
0.21852362
0.21217477
0.21661689
0.24425608
0.29869879
0.32426076
0.33696046
0.39416813
0.45090709
0.38390398
0.29757151
0.21185919
0.18066466
0.16745271
0.16802565
0.16800286
0.18244702
0.22577895
0.27981617
0.26284918
0.24881092
0.25560993
0.25415639
0.24697368
0.23736837
0.23228397
0.23860259
0.26651373
0.31950983
0.34342238
0.35100889
0.40422941
0.45904953
0.38948385
0.30058538
0.21237349
0.18263341
0.17061682
0.17272382
0.17518055
0.19066149
0.23073102
0.28244660
0.26327894
0.24766999
0.25099832
0.24641829
0.23604442
0.22481994
0.22118941
0.22821028
0.25866727
0.31211847
0.33498402
0.34593070
0.40489498
0.45916630
0.39161573
0.30392239
0.21459998
0.18327500
0.17089538
0.17298330
0.17348050
0.18763099
0.22813547
0.27841978
0.25827038
0.24145010
0.24372269
0.23627637
0.22560640
0.21421646
0.20853730
0.21710568
0.24826685
0.30296543
0.32904328
0.34132973
0.39823498
0.45033079
0.37993881
0.28818334
0.19736839
0.16405058
0.15255142
0.15373017
0.15698871
0.17346452
0.21474767
0.26694812
0.24974121
0.23898203
0.24583788
0.24399828
0.23524605
0.22740043
0.22306893
0.23063767
0.25929354
0.31240192
0.33620559
0.34912869
0.40551780
0.45966592
0.38935248
0.29576519
0.20252872
0.16737278
0.15207211
0.15140356
0.15350032
0.16970614
0.21165141
0.26323317
0.24717768
0.23578423
0.24108120
0.23942704
0.23113499
0.22308333
0.21987631
0.22743235
0.25763599
0.31217787
0.33566131
0.34977840
0.40685537
0.46139563
0.39151514
0.29987830
0.20548171
0.16976475
0.15111906
0.14758485
0.14928262
0.16665853
0.20830654
0.25888980
0.23977388
0.22495787
0.22916463
0.22382866
0.21577643
0.20840627
0.20624107
0.21554617
0.24691017
0.30207871
0.32638833
0.33965916
0.39732763
0.45094532
0.37943419
0.28896809
0.19648556
0.16114170
0.14461771
0.14243111
0.14260418
0.15819542
0.19990225
0.25087725
0.23407811
0.21976034
0.22413177
0.22079734
0.21457567
0.20801998
0.20674863
0.21617558
0.24929287
0.30215519
0.32773744
0.33977467
0.39648421
0.45046059
0.38255018
0.29099635
0.19742374
0.16412503
0.14991084
0.15011607
0.15283674
0.16834814
0.21103432
0.26281526
0.24473068
0.23115784
0.23837482
0.23684471
0.22990046
0.22331712
0.21889099
0.22524558
0.25347920
0.30539026
0.32677371
0.33745060
0.39470402
0.44871121
0.38177482
0.29532714
0.20809301
0.17752172
0.16442350
0.16283881
0.16399815
0.17776981
0.21701231
0.26536363
0.24410499
0.22894398
0.23213327
0.22800346
0.21855276
0.20746650
0.20393271
0.21069804
0.24114290
0.29564620
0.32181383
0.33560762
0.39446295
0.45038874
0.38167746
0.29284935
0.20332666
0.17222043
0.15837259
0.15859461
0.16092501
0.17684851
0.21821146
0.27002030
0.25383078
0.23792502
0.24654881
0.24546812
0.23916775
0.22966561
0.22626477
0.23285704
0.26024683
0.31112744
0.33164300
0.34139457
0.39689179
0.45131134
0.38191040
0.29329045
0.20546553
0.17531077
0.16353546
0.16282778
0.16411095
0.17822856
0.21978510
0.27224733
0.25521539
0.24342424
0.24919749
0.24610859
0.23539509
0.22607452
0.22311112
0.23083309
0.26085359
0.31393883
0.33724548
0.34865040
0.40430611
0.46000312
0.38862683
0.29760691
0.20497452
0.17133590
0.15891222
0.15912833
0.16107673
0.17653898
0.21774735
0.27201742
0.25602041
0.24562168
0.25463483
0.25250606
0.24233331
0.23040927
0.22616209
0.23325884
0.26439093
0.31836972
0.34238151
0.35398571
0.41043081
0.46451977
0.39672448
0.30657434
0.21340320
0.18056173
0.16561573
0.16512863
0.16594043
0.17892119
0.21592498
0.26693598
0.24775138
0.23186766
0.23437407
0.23085561
0.22137845
0.21089336
0.20701023
0.21549902
0.24831898
0.30442776
0.32817498
0.33944007
0.39428832
0.44694968
0.37731837
0.28750825
0.19692705
0.16563526
0.15283802
0.15253498
0.15468145
0.16966523
0.21094249
0.26182001
0.24282152
0.22957845
0.23835498
0.23756427
0.23053334
0.22319441
0.22105784
0.22956602
0.25923510
0.31299661
0.33456570
0.34480712
0.40065198
0.45312853
0.38628389
0.29934975
0.21148739
0.17941206
0.16511756
0.16348069
0.16464314
0.18131719
0.22230713
0.27379011
0.25602594
0.24244861
0.24907011
0.24689582
0.23843134
0.23049643
0.22718438
0.23539318
0.26598381
0.32331917
0.34823991
0.35999877
0.41604463
0.46960121
0.39926418
0.30758736
0.21657794
0.18511914
0.17075437
0.16915711
0.17033308
0.18330310
0.22271873
0.27106838
0.25293262
0.23804457
0.24458837
0.24188520
0.23279675
0.22263862
0.21829661
0.22581545
0.25510480
0.30975268
0.33343313
0.34511392
0.40253589
0.45555207
0.38842573
0.30096173
0.21087853
0.18061750
0.16847988
0.17035989
0.17327368
0.18589492
0.22774239
0.27994802
0.25982280
0.24446426
0.24711477
0.24171866
0.23114845
0.21814253
0.21040042
0.21665185
0.24527429
0.30016832
0.32467072
0.33638573
0.39318439
0.44943292
0.38012050
0.28825176
0.19817121
0.16863266
0.15588135
0.15625765
0.15880124
0.17741668
0.22034280
0.27397169
0.25811352
0.24776786
0.25464254
0.25110680
0.24226512
0.23239952
0.22826140
0.23532396
0.26359709
0.31630506
0.33917673
0.35132530
0.40666443
0.45988584
0.39130905
0.30262586
0.21087734
0.17684036
0.16268131
0.16102399
0.16211547
0.17671065
0.21931312
0.27283465
0.25692651
0.24595456
0.25161020
0.24873856
0.23884880
0.22886630
0.22176505
0.22719295
0.25674861
0.31128836
0.33566908
0.34822866
0.40342960
0.45794572
0.38869619
0.29877740
0.20625769
0.17311985
0.15987979
0.16036709
0.16276626
0.17918130
0.22138305
0.27350790
0.25342909
0.23837581
0.24121385
0.23543440
0.22546835
0.21583841
0.20910736
0.21481667
0.24446687
0.29922308
0.32469124
0.33682033
0.39306767
0.44755234
0.38030065
0.29398324
0.20531778
0.17379647
0.16020498
0.16078822
0.16282215
0.17875329
0.21953165
0.26985010
0.25101285
0.23520672
0.24114457
0.23792559
0.22990185
0.22063587
0.21554657
0.22207005
0.24886122
0.30184105
0.32521685
0.33654223
0.39373046
0.44661256
0.37731648
0.28765328
0.19725219
0.16507160
0.15337508
0.15586881
0.15868921
0.17508882
0.21617733
0.26657104
0.24731552
0.23040162
0.23419169
0.22917035
0.21826236
0.20790683
0.20427334
0.21315857
0.24572341
0.30252811
0.33009366
0.34465440
0.39993537
0.45297639
0.38357100
0.29035134
0.19758322
0.16375533
0.15001074
0.15204504
0.15581093
0.17404535
0.21595000
0.26777016
0.24780217
0.23283893
0.23695909
0.23266272
0.22179560
0.21099231
0.20605912
0.21404599
0.24580592
0.30021264
0.32406155
0.33858686
0.39622932
0.45136467
0.38330532
0.29235520
0.20195447
0.17115741
0.15788803
0.15832024
0.16096376
0.17706576
0.21828987
0.27036546
0.25208802
0.23760713
0.24444186
0.23888802
0.22719747
0.21406437
0.20803642
0.21369469
0.24368071
0.29778433
0.32214146
0.33504401
0.39329605
0.44923557
0.38074838
0.29157406
0.20286831
0.15967349
0.14593438
0.14664566
0.15017991
0.16632448
0.20479774
0.25364272
0.23769835
0.22284358
0.22499653
0.22510834
0.21749826
0.20795787
0.20474678
0.21213399
0.24236667
0.29421997
0.32103835
0.33315487
0.38461059
0.43437928
0.36476597
0.27723050
0.19043120
0.15572066
0.14318742
0.14155032
0.13981925
0.15518044
0.19784146
0.25026033
0.23611162
0.22427695
0.23341059
0.23224150
0.22367453
0.21356241
0.21169369
0.22200399
0.25235907
0.29885045
0.31880060
0.32388716
0.37798965
0.42968060
0.36259468
0.27441203
0.18681652
0.15234713
0.13900250
0.13354226
0.13412941
0.15033238
0.19092767
0.24389259
0.23121997
0.21277384
0.21139530
0.20885100
0.20096490
0.19519865
0.19532901
0.20324862
0.23611699
0.30329303
0.34591718
0.36820200
0.42610436
0.46927439
0.38196507
0.28466337
0.19263737
0.15546618
0.13508958
0.12969328
0.13107899
0.14588906
0.18699637
0.24131270
0.22681005
0.21181680
0.20989037
0.20281456
0.19510851
0.19250832
0.20045286
0.22902764
0.27213469
0.31667638
0.33021439
0.32968490
0.37761428
0.42412697
0.35473360
0.26370119
0.17761051
0.14802483
0.13756346
0.14034827
0.14158250
0.15649179
0.19902990
0.25267543
0.23735503
0.22472932
0.23043813
0.22541495
0.21360270
0.20257014
0.19861682
0.20742653
0.23990730
0.28808413
0.31273124
0.32220471
0.37714174
0.43121682
0.36686797
0.28052418
0.19986905
0.16843708
0.15310144
0.15367954
0.15721786
0.16844954
0.20534993
0.25949253
0.24424442
0.22640659
0.23014196
0.22594541
0.21859283
0.21167017
0.20860833
0.21299095
0.24179673
0.28973295
0.31745717
0.33024721
0.38330820
0.43392448
0.36795985
0.28234979
0.20157073
0.17148531
0.15541379
0.15233880
0.15501730
0.16789515
0.20725822
0.26189496
0.24477276
0.22740366
0.23136220
0.22785434
0.21958582
0.21386493
0.21032097
0.21865893
0.24394918
0.28773741
0.30805642
0.31970664
0.37782715
0.42910919
0.36139958
0.27681517
0.19270107
0.16250489
0.15195912
0.15312265
0.15429043
0.17127746
0.21321905
0.26593920
0.25023763
0.23685818
0.24208287
0.23975459
0.22951285
0.21887942
0.21239883
0.21799789
0.24253678
0.28957051
0.31232419
0.32733214
0.38371545
0.43340243
0.36313318
0.27296017
0.18824206
0.15788003
0.14601066
0.14906644
0.15072862
0.16397046
0.20532176
0.25968851
0.24440807
0.23463508
0.24103945
0.23545415
0.22142648
0.21180178
0.20925468
0.21775638
0.24858827
0.29648247
0.31752701
0.32949789
0.38218472
0.43340171
0.36743029
0.27692497
0.18502852
0.15154502
0.13912259
0.13958374
0.14479322
0.16075945
0.19904250
0.25185789
0.23653385
0.22135154
0.22107151
0.21488354
0.20870706
0.20211261
0.19818887
0.20372354
0.23250111
0.28120601
0.30480487
0.31437002
0.36912032
0.41770332
0.35008401
0.26842757
0.18527431
0.15393258
0.14232896
0.14398546
0.14515631
0.15775649
0.19478059
0.24661267
0.22756015
0.20833528
0.21087390
0.21085795
0.20373456
0.19987532
0.19710790
0.20476580
0.23421144
0.28309054
0.30711187
0.32070915
0.37428051
0.42358601
0.35461051
0.26652908
0.18212870
0.15292814
0.13989538
0.13874621
0.14154953
0.15970314
0.20004980
0.25048175
0.23046802
0.21380120
0.21661597
0.21465326
0.20578242
0.20162368
0.19782370
0.20506197
0.23752717
0.28551235
0.30719697
0.31584036
0.36801361
0.42119861
0.35855745
0.27244696
0.18352256
0.14805543
0.13390259
0.13500314
0.13699917
0.15359394
0.18961775
0.24041885
0.22228314
0.20663943
0.20706926
0.20586884
0.20346911
0.20080578
0.19801366
0.20547522
0.23477763
0.28382394
0.30928745
0.32206714
0.37642149
0.42747129
0.35379867
0.26439557
0.17958139
0.14767402
0.13264070
0.13358297
0.13290086
0.14585253
0.18809612
0.24023510
0.21794733
0.20436065
0.20779746
0.20450434
0.20017937
0.19546042
0.19137808
0.20069542
0.23219251
0.28238049
0.30594224
0.31527973
0.36891455
0.42145776
0.35672944
0.27047898
0.18402623
0.15117082
0.13705846
0.13621743
0.13958453
0.15130441
0.19070871
0.24700822
0.23654302
0.22762422
0.23809394
0.23775032
0.22914465
0.22023641
0.21387854
0.22037523
0.25371780
0.30311687
0.32289368
0.33114618
0.38448583
0.43310064
0.36388104
0.28111473
0.19876162
0.16628804
0.15212933
0.15365253
0.15644946
0.16953863
0.20641169
0.25706019
0.23919801
0.22340173
0.22673938
0.22624008
0.22045193
0.21207759
0.20861030
0.21801393
0.24894363
0.29620154
0.31731919
0.32943411
0.38535465
0.43683043
0.36970043
0.28114817
0.19015316
0.15423447
0.13879157
0.13775210
0.13964077
0.15370005
0.18948581
0.24206247
0.23009499
0.21547695
0.21755596
0.21462845
0.20805444
0.20130066
0.19867100
0.20370195
0.22838927
0.27650918
0.30354676
0.31732215
0.37293154
0.42061796
0.35530319
0.27100060
0.18983350
0.15962425
0.14407224
0.14213643
0.14023624
0.15535995
0.19701549
0.25024383
0.23536505
0.22008488
0.22340738
0.22329841
0.21715839
0.21097940
0.20889313
0.21272682
0.23776095
0.28386495
0.30517908
0.31508106
0.37003080
0.42493137
0.35810493
0.26989084
0.18442565
0.15057531
0.13530969
0.13625800
0.13805480
0.15283660
0.19032989
0.24135216
0.22618096
0.21075523
0.21383091
0.21133415
0.20537685
0.19900335
0.19817254
0.20854260
0.23993022
0.28636971
0.30739286
0.31632457
0.37242047
0.42382652
0.35461909
0.26863190
0.18725842
0.15291244
0.13461007
0.13131551
0.13304883
0.14881770
0.19100180
0.24321705
0.22491480
0.20534947
0.20806727
0.20809798
0.20142343
0.19773944
0.19684214
0.20625948
0.23919484
0.29036100
0.31186912
0.32007717
0.36969484
0.41722468
0.35019416
0.26578022
0.18171547
0.15119315
0.13993265
0.14118171
0.14167079
0.15538414
0.19414713
0.24794446
0.22925260
0.21384837
0.21596921
0.21239467
0.20593553
0.20212290
0.19745361
0.20343342
0.23324345
0.28324994
0.30787066
0.31999142
0.37391615
0.42056171
0.35334939
0.26744959
0.18173512
0.15296355
0.13919522
0.14058942
0.14357453
0.16058773
0.20015851
0.25618267
0.24679051
0.23716391
0.23699640
0.23634235
0.22959180
0.22071021
0.21610129
0.22117520
0.24743267
0.29697791
0.31927790
0.32851376
0.37957617
0.43111192
0.36230958
0.27643032
0.18893945
0.15252572
0.13605515
0.13527587
0.13469962
0.15017969
0.19183371
0.24629914
0.23075897
0.22257965
0.22954915
0.22751197
0.21980419
0.21191183
0.20696412
0.21598417
0.24756973
0.29753418
0.31958307
0.33150301
0.38414171
0.43648244
0.36990925
0.28047598
0.18912637
0.15339863
0.13619991
0.13107628
0.13163049
0.14762742
0.18535203
0.23544827
0.21894941
0.20451900
0.20969023
0.21184814
0.20414569
0.19598592
0.19457712
0.20549708
0.23647815
0.28521862
0.31035192
0.32376326
0.37660425
0.42491037
0.35690772
0.27008181
0.18524110
0.14917127
0.13480890
0.13202143
0.13134393
0.14385824
0.18076825
0.23240316
0.21890668
0.20817454
0.21398035
0.21476563
0.21041036
0.20408529
0.20103603
0.20810191
0.23721764
0.28558933
0.30973814
0.31872982
0.37135741
0.42274153
0.35617193
0.27233662
0.19030664
0.15877463
0.14633700
0.14925683
0.15036231
0.16437298
0.20378143
0.25697259
0.24204939
0.22721839
0.23184320
0.23074399
0.22579599
0.21742748
0.21304575
0.21981252
0.24651916
0.29510843
0.31766279
0.32915469
0.38068915
0.42553737
0.35792822
0.27176779
0.18917534
0.15731914
0.14455350
0.14689592
0.15039685
0.16469902
0.20392915
0.25554187
0.23699446
0.22307980
0.22860960
0.22659058
0.21592907
0.20322007
0.19423667
0.20071286
0.23319326
0.28379604
0.30880127
0.31980067
0.37343189
0.42233685
0.35553680
0.27125744
0.18711321
0.15153708
0.13575712
0.13310562
0.13546902
0.15231114
0.19240359
0.24411976
0.22652494
0.21182532
0.21783664
0.21690799
0.20729347
0.19882329
0.19385867
0.20503101
0.23759041
0.28437025
0.30613399
0.31515467
0.36764784
0.42319841
0.35828622
0.26885341
0.17988431
0.14598156
0.13229885
0.13253120
0.13497047
0.15063461
0.18943079
0.24554355
0.23218797
0.21936085
0.22809810
0.22954068
0.22140746
0.21537576
0.21275907
0.21877214
0.24441835
0.29224109
0.31688837
0.32858981
0.38190439
0.43261317
0.36480114
0.27355323
0.18461814
0.14956762
0.13330668
0.13484952
0.13852131
0.14974288
0.18894975
0.24209445
0.22922516
0.21811047
0.22530527
0.22507591
0.22188208
0.21613203
0.21359952
0.21702264
0.24560406
0.29422331
0.31665835
0.32852193
0.38296586
0.43056278
0.36140806
0.27606690
0.18863146
0.15314721
0.13748548
0.13441308
0.13520798
0.14991180
0.19195684
0.24689597
0.22883105
0.21531407
0.22032746
0.21915477
0.21126384
0.20267209
0.19920792
0.20884752
0.24113351
0.29572272
0.31504538
0.31976164
0.37263289
0.41804999
0.35088331
0.27003453
0.18972900
0.16972814
0.15045898
0.14464190
0.14427753
0.16380655
0.21529100
0.28663144
0.26342159
0.23446831
0.23437229
0.23790350
0.23181519
0.22389124
0.22280759
0.23334294
0.26915460
0.32990166
0.36519987
0.39321043
0.46848099
0.51642478
0.41842982
0.32062926
0.21577915
0.17004291
0.14812849
0.14307261
0.14355100
0.16149367
0.21218861
0.28328743
0.25946843
0.23021971
0.23176724
0.23847445
0.23697720
0.23152570
0.22929320
0.23650022
0.27001931
0.32908311
0.36176241
0.39050712
0.46644962
0.51603951
0.41782063
0.32243530
0.22503593
0.18886120
0.17120593
0.16232460
0.15375063
0.16384342
0.21008505
0.27855503
0.25606405
0.23026517
0.23418196
0.24021013
0.23647387
0.23181073
0.23189884
0.24237925
0.27704908
0.33613913
0.36999943
0.39817559
0.47193011
0.51571613
0.41259412
0.31367965
0.21033441
0.16651605
0.14698527
0.14273516
0.14115198
0.15823399
0.20801884
0.27898016
0.25684826
0.23252106
0.23676033
0.24596114
0.24531365
0.23975610
0.23628539
0.24187450
0.27434177
0.33410359
0.36738109
0.39326434
0.46630356
0.51102833
0.41164181
0.31657802
0.22114464
0.18755989
0.17331689
0.16953302
0.16424676
0.17370416
0.21699081
0.28435360
0.26172842
0.23741855
0.24154890
0.25112442
0.25018673
0.24623252
0.24596714
0.25486109
0.29115997
0.35116867
0.38358285
0.40998252
0.48293818
0.52828333
0.42499084
0.32568481
0.21999571
0.17510886
0.15336934
0.14854437
0.14719742
0.16346468
0.21411013
0.28926625
0.27291698
0.25353396
0.25977134
0.26469817
0.25882776
0.24920866
0.24358969
0.25000214
0.28346584
0.34177308
0.37357463
0.39840523
0.47033031
0.51385440
0.41308818
0.31832142
0.21690706
0.17454282
0.15321952
0.14602665
0.14469699
0.15991110
0.20852981
0.28079808
0.25967757
0.23371388
0.23621636
0.24406309
0.24173368
0.23700237
0.23478601
0.24236977
0.27662149
0.33614984
0.36550216
0.38983656
0.46242767
0.50746622
0.40818937
0.31077863
0.21013084
0.16819093
0.15011038
0.14862146
0.14919574
0.16675300
0.21561159
0.28641849
0.26194429
0.23468415
0.23544127
0.23895910
0.23384219
0.22581906
0.22416164
0.23418032
0.27140501
0.33464406
0.36979249
0.39457613
0.46591175
0.51077115
0.41020729
0.31264913
0.20961687
0.16701059
0.14977912
0.14821085
0.15071935
0.16975936
0.22036538
0.28895483
0.26438998
0.23514161
0.23694962
0.24428279
0.24082404
0.23212014
0.22747011
0.23469577
0.27122441
0.33302003
0.36526868
0.39203916
0.46749792
0.51503490
0.41453650
0.31621326
0.21407530
0.17146304
0.15282772
0.14882613
0.14779439
0.16222809
0.21247939
0.28263946
0.26127278
0.23466043
0.23617892
0.24234112
0.24102572
0.23588925
0.23354723
0.23938173
0.27186089
0.33014509
0.36123237
0.38709585
0.46019854
0.50575249
0.40920349
0.31735903
0.22093105
0.18209947
0.16112916
0.15319303
0.14915376
0.16405977
0.21070650
0.28091939
0.25957729
0.23303513
0.23661290
0.24436757
0.24238288
0.23623732
0.23399770
0.24080638
0.27203491
0.33013116
0.36175498
0.38804938
0.46176517
0.50710140
0.40416075
0.30516540
0.20509066
0.16406032
0.14655174
0.14262292
0.14282658
0.16074382
0.20885058
0.27253885
0.23604879
0.18982233
0.17749211
0.17362808
0.16741325
0.16209911
0.16362637
0.17733719
0.21600960
0.27831704
0.31137017
0.33663728
0.41104046
0.45808809
0.36448145
0.28077640
0.19375787
0.16096678
0.14525358
0.14208674
0.14206509
0.15648225
0.19958480
0.25932641
0.22305720
0.17974393
0.16884214
0.16547957
0.15653863
0.14844800
0.15106754
0.16692346
0.21181859
0.28225512
0.32297133
0.35064285
0.42135270
0.46092372
0.36094029
0.27126400
0.18226314
0.15272618
0.14380383
0.14655470
0.14896485
0.16474873
0.20851354
0.26728776
0.22806326
0.18604667
0.17860731
0.17843807
0.17506437
0.16823486
0.16718875
0.17381851
0.20711478
0.26564389
0.29922367
0.32948303
0.40834830
0.46042579
0.36801787
0.28040344
0.18891739
0.15500983
0.14229076
0.14248803
0.14337226
0.16096145
0.20497071
0.26495481
0.22865873
0.18517472
0.17250054
0.16950937
0.16549788
0.16216269
0.16407783
0.17782991
0.21745955
0.28104423
0.31402786
0.33739209
0.40705781
0.45203427
0.35865878
0.27502922
0.18790259
0.15702068
0.14512798
0.14646607
0.14804875
0.16125987
0.20451963
0.26378899
0.22836554
0.18659167
0.17649026
0.17217607
0.16422962
0.15725470
0.15866258
0.16940667
0.20521069
0.26879274
0.30457404
0.33422690
0.40953662
0.45732103
0.36286501
0.27511995
0.18631186
0.15399910
0.13960014
0.13911745
0.14028774
0.15630320
0.20036032
0.26083237
0.22663938
0.18491577
0.17476470
0.17187882
0.16612353
0.16013763
0.15933526
0.16788420
0.20262881
0.26676623
0.30603093
0.33704475
0.41450298
0.45907357
0.36113292
0.27496645
0.18685557
0.15318802
0.13884171
0.13767000
0.13879314
0.15578552
0.20070733
0.26204872
0.22824879
0.18657081
0.17649732
0.17334120
0.16655064
0.15991142
0.16102504
0.17390876
0.21386035
0.27820445
0.31238237
0.33628527
0.40757659
0.45140467
0.35502038
0.26776384
0.17886826
0.15253829
0.14318172
0.14298671
0.14455465
0.15950356
0.21121238
0.28597213
0.26908102
0.24646715
0.25324316
0.26249036
0.25781298
0.24671083
0.23726420
0.24026934
0.27292635
0.33338978
0.36780799
0.39574035
0.47500341
0.52489855
0.42836236
0.33309282
0.23208640
0.18854311
0.16565964
0.15546725
0.14821707
0.15773798
0.20549152
0.27729248
0.25979849
0.23930821
0.24926432
0.26055812
0.25963970
0.25256786
0.24864363
0.25554504
0.29249969
0.35277732
0.38466273
0.40907298
0.48017849
0.52395035
0.42240478
0.32264899
0.21685552
0.17011466
0.14784027
0.14234079
0.14112140
0.16030159
0.21251017
0.28325588
0.26259411
0.23776607
0.24072290
0.24432800
0.23805824
0.22900826
0.22792847
0.23895493
0.27618799
0.33744384
0.36866043
0.39100518
0.46388624
0.50800736
0.40902617
0.31496931
0.21760139
0.17814975
0.15955950
0.15642618
0.15514557
0.16984835
0.21742185
0.28781985
0.26468525
0.23738314
0.23970480
0.24409749
0.23979833
0.23375623
0.23029588
0.23694448
0.27239394
0.33645686
0.37412054
0.40203065
0.47408649
0.51605213
0.41072473
0.31227971
0.21229407
0.17083516
0.15224587
0.15006849
0.14888998
0.16619395
0.21583645
0.28742072
0.26505555
0.23802390
0.23681119
0.23905078
0.23167289
0.22287236
0.22121998
0.23108929
0.26674352
0.32876907
0.36568925
0.39389039
0.46959226
0.51548769
0.41394921
0.31593759
0.21600251
0.17599927
0.15841509
0.15421130
0.15201431
0.16573964
0.21227964
0.28279668
0.25957218
0.23176520
0.23253651
0.23776016
0.23423626
0.22734031
0.22361779
0.23027740
0.26485359
0.33017284
0.36663646
0.39377421
0.46709884
0.51225083
0.41147235
0.31671427
0.21847396
0.17887040
0.16026525
0.15503669
0.15137340
0.16596697
0.21560195
0.28751594
0.26658592
0.24164007
0.24175435
0.24494256
0.23885642
0.23047421
0.22518274
0.23260889
0.26728336
0.32813079
0.36339084
0.39148180
0.46796799
0.51580696
0.41733292
0.32080492
0.22025931
0.17951749
0.15936642
0.15351714
0.15085190
0.16332837
0.21066617
0.28355855
0.26458496
0.23971695
0.24236882
0.24927159
0.24789432
0.24349573
0.24475088
0.25254675
0.28460296
0.34360765
0.37683255
0.40557139
0.48166971
0.52770215
0.42632327
0.32728818
0.22612244
0.18431455
0.16555226
0.15868240
0.15445324
0.16678464
0.21406735
0.28398259
0.26273031
0.23893072
0.24603130
0.25606851
0.25670493
0.25385420
0.25306872
0.26282594
0.29929911
0.35844221
0.38974625
0.41163016
0.48196086
0.52468333
0.41997261
0.32010934
0.21712334
0.17561522
0.15780157
0.15392703
0.15328468
0.16827200
0.21594601
0.28466662
0.26159105
0.23374978
0.23399184
0.23823716
0.23521637
0.23106440
0.22933992
0.23574172
0.26975846
0.33135838
0.36722324
0.39538367
0.46951879
0.51435476
0.41434827
0.31937506
0.21988149
0.17979599
0.15957939
0.15264770
0.14832481
0.16369929
0.21271358
0.28324550
0.26286907
0.23519293
0.23673476
0.24018748
0.23664118
0.23126733
0.23096871
0.24182788
0.27621610
0.33670657
0.36717300
0.39457646
0.46852861
0.51244646
0.41167053
0.31486925
0.21624174
0.17906104
0.16178230
0.15405653
0.14892900
0.16370262
0.21185914
0.28242980
0.26206803
0.23692541
0.24060356
0.24561459
0.24126553
0.23444268
0.23244206
0.24085929
0.27381362
0.33186269
0.36528044
0.39388114
0.46809166
0.51247767
0.41084185
0.31530256
0.21684254
0.17765979
0.15877650
0.15470725
0.15443927
0.16989750
0.21912958
0.28818896
0.26563705
0.23851414
0.24004478
0.24517473
0.23943088
0.23098579
0.22852358
0.23994667
0.27796413
0.33826102
0.36968993
0.39455254
0.46814051
0.51477036
0.41743255
0.32171782
0.22004974
0.20124091
0.19356998
0.19596361
0.19519955
0.20831789
0.26476636
0.34562985
0.31963923
0.28205149
0.28183166
0.27646632
0.26278539
0.25127534
0.24517397
0.25192721
0.28709959
0.36025261
0.41093422
0.46232159
0.54177056
0.51515573
0.41726789
0.32261708
0.22847654
0.19353778
0.17858682
0.17821855
0.17999072
0.19529590
0.25641285
0.34003825
0.31945772
0.28696986
0.29302761
0.29017402
0.27856464
0.26659510
0.25813591
0.25868388
0.29136858
0.35867757
0.40968452
0.46439488
0.54909295
0.52315120
0.42852396
0.33402544
0.23472385
0.19810989
0.17985457
0.17840302
0.17952674
0.19521183
0.25377497
0.34036762
0.32154218
0.28944521
0.29310622
0.28761471
0.27885387
0.26461874
0.26026244
0.26450048
0.29825388
0.36822572
0.41686718
0.46472634
0.54623595
0.51986139
0.42435448
0.32709918
0.23007818
0.19841279
0.18614356
0.18912718
0.18943107
0.20852237
0.27068579
0.35184490
0.32641654
0.28777114
0.28689144
0.27453921
0.26196246
0.24591214
0.24030354
0.24415595
0.27840080
0.34634764
0.39613920
0.44712267
0.52864917
0.50025539
0.40622975
0.31570155
0.22486827
0.19457514
0.18436154
0.18605754
0.18674620
0.20544128
0.26549542
0.34785587
0.32341953
0.28370719
0.28150199
0.27135797
0.25230395
0.23851237
0.23313453
0.23748601
0.27253681
0.34173775
0.39401717
0.44503988
0.52704812
0.50190276
0.40454132
0.31256814
0.21822865
0.18270298
0.17226911
0.16926266
0.17454353
0.19468576
0.25417573
0.33570460
0.31373520
0.27693485
0.27456589
0.26725265
0.25119453
0.23842405
0.23073926
0.24041296
0.27886344
0.34619640
0.39910813
0.45003560
0.52773899
0.50409936
0.40269988
0.31058617
0.21527215
0.18124151
0.16924794
0.16807533
0.17292719
0.19476680
0.25508767
0.33881934
0.31244799
0.27469733
0.27480658
0.26602774
0.25084822
0.23658360
0.22903747
0.23497846
0.27045206
0.34007595
0.39126305
0.44635764
0.52958531
0.50230376
0.40854927
0.31485230
0.21886422
0.18252317
0.16736970
0.16701844
0.16379665
0.18170745
0.23759433
0.31880947
0.29775541
0.25793073
0.25724312
0.25461036
0.24738384
0.23709005
0.23459266
0.24358518
0.27788668
0.35200944
0.40443487
0.45775025
0.54017388
0.51554644
0.41830445
0.32709184
0.23430309
0.20019944
0.18663559
0.18378148
0.18451815
0.20125499
0.25847030
0.34201383
0.32283999
0.28886060
0.29138550
0.28725875
0.28060777
0.27001043
0.26297349
0.26964683
0.30505171
0.37514952
0.42479630
0.47891895
0.56342151
0.53491163
0.43420603
0.33988478
0.24326273
0.20676328
0.18956618
0.19353691
0.19676656
0.21550397
0.27228388
0.35877145
0.33582939
0.30181856
0.30365922
0.29559066
0.27860047
0.26481208
0.25512554
0.25600807
0.29032084
0.35804450
0.41096246
0.46502857
0.54569677
0.52557316
0.42807266
0.33656253
0.24092383
0.20325550
0.19125929
0.18880206
0.19478282
0.21363165
0.27485291
0.35778522
0.33455540
0.29628622
0.29315691
0.28132494
0.26079740
0.24465821
0.23334001
0.23817338
0.27249986
0.34119287
0.39437872
0.44877957
0.52873997
0.50565224
0.41181512
0.31949909
0.22272497
0.18902728
0.17425321
0.17020040
0.17284667
0.19035443
0.24789091
0.32748380
0.30582534
0.27319082
0.27306619
0.26553609
0.25460902
0.24714740
0.24311624
0.24891792
0.28733960
0.35485483
0.40737513
0.45810679
0.54017353
0.51555641
0.41800220
0.32505717
0.23099212
0.19700333
0.17968600
0.17805167
0.17849031
0.19745329
0.25559551
0.33509331
0.31420447
0.27700403
0.27705170
0.27112281
0.26059862
0.25010065
0.24386888
0.24933233
0.27723728
0.34429352
0.39617489
0.44614318
0.52993019
0.50727566
0.41400114
0.32583546
0.23233434
0.19910505
0.18510369
0.18318128
0.18657491
0.20521301
0.26415903
0.34565147
0.32102275
0.28586268
0.28462272
0.27281851
0.25661712
0.24251112
0.23640550
0.23888914
0.27577029
0.34478287
0.39671526
0.45004660
0.52799295
0.50725114
0.41042149
0.32034740
0.22658461
0.19489962
0.17964386
0.18013223
0.18327338
0.19929666
0.25851677
0.33640992
0.31531160
0.27581350
0.27656780
0.26840633
0.25823916
0.24471339
0.23791904
0.24401001
0.27839317
0.34807186
0.40072785
0.45287405
0.53348255
0.50643002
0.40672028
0.31022115
0.21375619
0.17797778
0.16257510
0.16131800
0.16370276
0.17930482
0.24157833
0.32800692
0.30669779
0.27649243
0.28409767
0.27897901
0.27158768
0.26194658
0.25410422
0.25763436
0.29297076
0.36245367
0.41065289
0.46138457
0.54083359
0.51777200
0.42100762
0.32440200
0.22709123
0.18976261
0.17486796
0.17370224
0.17405974
0.19005742
0.24725755
0.33306403
0.31069464
0.27690832
0.28172333
0.28031104
0.27009722
0.25636935
0.25214849
0.25700886
0.29351176
0.36485035
0.41290581
0.46536846
0.54421478
0.51695325
0.41992195
0.32399981
0.22599304
0.19052507
0.17380940
0.17278678
0.17259648
0.19008648
0.24729447
0.32781694
0.30659717
0.27064378
0.27312991
0.26764929
0.25880136
0.24702341
0.24106120
0.24376817
0.27765996
0.34796646
0.39764060
0.44861219
0.53183832
0.50687102
0.41143845
0.32025502
0.22679337
0.19240217
0.17912935
0.17992056
0.18141610
0.19884109
0.25641767
0.33937982
0.31781014
0.28194505
0.27744494
0.26919845
0.25405012
0.24162649
0.23907138
0.24478449
0.28343828
0.35530034
0.40703914
0.45853738
0.54089639
0.51507343
0.41859782
0.32500150
0.22518211
0.18971772
0.17256020
0.16750573
0.17151085
0.18791090
0.24518267
0.32833823
0.30734447
0.27451256
0.27419989
0.26857938
0.25638134
0.24023700
0.23531133
0.24166839
0.28083780
0.35666621
0.41039490
0.46328372
0.54668297
0.52253716
0.42737426
0.33405209
0.23867448
0.20599312
0.19291435
0.19630474
0.19566308
0.21293839
0.27223577
0.35509269
0.33114921
0.29388412
0.29596668
0.28728387
0.27347547
0.26282067
0.25721329
0.26617642
0.30285931
0.37872639
0.42809062
0.47944533
0.56106705
0.53310128
0.43679353
0.34083087
0.24952451
0.21458926
0.20015406
0.19919581
0.19881194
0.21945457
0.27594056
0.35957952
0.33789681
0.29843039
0.30262105
0.29484239
0.28268324
0.27202379
0.26399820
0.26584589
0.30213692
0.37157354
0.42240836
0.47630083
0.56005898
0.53594212
0.44130574
0.34909217
0.25218666
0.21944374
0.20372765
0.20296197
0.20279003
0.22141054
0.27834828
0.36276674
0.34210972
0.30838182
0.31229633
0.31117355
0.30173356
0.29031162
0.28743623
0.29430299
0.33241870
0.40429475
0.45547611
0.50527285
0.58661400
0.56190048
0.46476511
0.36916859
0.27222478
0.23430601
0.21624579
0.21559112
0.21144078
0.23136229
0.29009049
0.37377820
0.35256079
0.32095067
0.32661858
0.31574324
0.30002654
0.28748074
0.28188277
0.29137368
0.32812673
0.40121529
0.45264240
0.50529997
0.58465300
0.56011297
0.46345215
0.36970706
0.27447133
0.23477715
0.21561205
0.21094913
0.21046881
0.22410564
0.28238536
0.36522745
0.34150419
0.30471040
0.30437006
0.29278452
0.27703863
0.26035609
0.25729441
0.26333047
0.29804595
0.37406423
0.42787671
0.48031185
0.56722116
0.54596716
0.44822042
0.35643617
0.26278816
0.22486995
0.20742713
0.20636598
0.20969012
0.22374054
0.28634424
0.37050847
0.34846692
0.30866293
0.31185500
0.30136947
0.28460959
0.27154491
0.26341933
0.26838115
0.30064491
0.37419638
0.42894967
0.48435306
0.56804027
0.54392148
0.44889951
0.35505290
0.25790662
0.22201984
0.20105937
0.19974599
0.19908971
0.21367636
0.26905967
0.35080782
0.33030026
0.29148252
0.29887231
0.29450715
0.28222505
0.27152631
0.26400203
0.27186028
0.30710844
0.38071684
0.43287815
0.48420087
0.56620725
0.53922113
0.44288968
0.34650673
0.24762087
0.21416517
0.19932298
0.19369761
0.19680995
0.21188687
0.27001002
0.35311401
0.33299143
0.29857736
0.29905876
0.28979144
0.27925268
0.26426087
0.25752190
0.26254985
0.29588324
0.37152938
0.42138372
0.47428192
0.55283772
0.53047797
0.43431306
0.34528765
0.25262694
0.21754707
0.20618558
0.20457203
0.20563478
0.22220608
0.28126649
0.36018033
0.33609582
0.29720747
0.29452885
0.28515392
0.27135590
0.25648289
0.24979138
0.25340145
0.28919106
0.36281714
0.41335682
0.46515468
0.54616044
0.52122549
0.42251391
0.33144736
0.23780511
0.20392359
0.18880742
0.18913843
0.19045347
0.20924548
0.26612997
0.35338055
0.33532986
0.30144757
0.30459810
0.30196898
0.29110233
0.28335578
0.27766568
0.28448360
0.32072084
0.38986982
0.44094761
0.49088759
0.56959864
0.54659872
0.44701020
0.34693770
0.25211164
0.20924135
0.19645678
0.20552934
0.21579107
0.23242543
0.28571208
0.38106362
0.37163315
0.32381504
0.33193257
0.32086938
0.29952345
0.29370176
0.29422176
0.31566175
0.37909997
0.48684863
0.54743359
0.62291116
0.64299925
0.57661724
0.46521466
0.35000118
0.25471344
0.21230741
0.19345135
0.20648389
0.21937974
0.23494002
0.30232794
0.40327557
0.38548658
0.34122752
0.33365452
0.32014673
0.29918569
0.28667036
0.29344585
0.31180090
0.36333563
0.46009355
0.54017864
0.60511468
0.62439834
0.57513412
0.47453493
0.37548122
0.27800383
0.24543755
0.22215317
0.20991858
0.21272200
0.23569660
0.30580267
0.40147271
0.38652509
0.32726367
0.32436852
0.34135475
0.32438075
0.30734129
0.31259353
0.32542342
0.36959048
0.46669066
0.53695878
0.59151399
0.60144580
0.54853034
0.46643792
0.37491038
0.27633263
0.24599458
0.24108135
0.24973374
0.23443579
0.23896209
0.31603327
0.40929710
0.39551000
0.34030459
0.33666429
0.33271638
0.32518841
0.31820674
0.30636805
0.31858939
0.36256279
0.44760769
0.52333639
0.59488345
0.61184358
0.56860342
0.47060954
0.37979083
0.27368536
0.23665036
0.21793085
0.19946811
0.20323849
0.22814711
0.28436252
0.38883545
0.37457335
0.33130176
0.32159706
0.31228569
0.28520571
0.27685731
0.28029727
0.28504349
0.33019132
0.43838769
0.50397160
0.56043438
0.58411364
0.53163938
0.44235081
0.35019329
0.26030054
0.22423055
0.21369018
0.21174758
0.20143293
0.21926171
0.28053692
0.36416322
0.34942138
0.32061017
0.31228002
0.30003209
0.29900400
0.29034898
0.28589005
0.29722224
0.33182945
0.42127836
0.50539152
0.57505591
0.60424008
0.54438653
0.44364453
0.35971518
0.25262045
0.21508690
0.19494426
0.19812906
0.20305253
0.21387011
0.28384294
0.39418086
0.36052670
0.32689303
0.32615667
0.31284738
0.31342628
0.31284575
0.31629646
0.31066010
0.35578412
0.45553305
0.53126734
0.59908556
0.61142353
0.55071394
0.45195982
0.34841886
0.25289393
0.22015197
0.21305557
0.22001239
0.21676884
0.22674255
0.27835957
0.37444424
0.35871197
0.30617101
0.30414197
0.30118448
0.29569767
0.29575923
0.29778110
0.30985654
0.36302070
0.44756360
0.51667222
0.58471440
0.60104690
0.53996242
0.43465513
0.34265927
0.25353102
0.21493705
0.20479660
0.19985158
0.19833812
0.21134485
0.27139112
0.36279314
0.35444749
0.29366477
0.28504941
0.28365140
0.28205934
0.27377862
0.26387867
0.27430270
0.33240195
0.43152188
0.50137732
0.56669981
0.58801416
0.53741354
0.44414431
0.34633817
0.24672949
0.21545053
0.21615409
0.20556566
0.20338018
0.22549052
0.28608065
0.39732317
0.39766517
0.34358764
0.34278773
0.33582018
0.31999025
0.30803221
0.29670667
0.29730246
0.33432254
0.45012537
0.54938409
0.61786749
0.65144089
0.59035680
0.49174762
0.38352527
0.26258607
0.22358461
0.20953868
0.21046391
0.22573192
0.24998883
0.32534208
0.41823443
0.40557243
0.35702409
0.34778787
0.34205356
0.33808553
0.32398387
0.30878546
0.30851586
0.36014290
0.47389929
0.54045618
0.61055064
0.64607802
0.58904312
0.50611759
0.40675932
0.30490391
0.25556711
0.22996732
0.22766427
0.21880625
0.24268859
0.32335608
0.42294543
0.41126822
0.35993803
0.35523161
0.34581496
0.32937276
0.31701629
0.30390980
0.31156875
0.37325470
0.46713773
0.52385498
0.59759939
0.61298000
0.55998285
0.47823749
0.38943155
0.28439401
0.24065293
0.22649583
0.22672925
0.21373163
0.23662814
0.30888909
0.40116786
0.37912179
0.33972181
0.34143535
0.33492110
0.31550263
0.30929707
0.30594043
0.31675843
0.37164100
0.46374040
0.53517499
0.59735350
0.61718089
0.56537133
0.46450104
0.37284745
0.27320511
0.23537935
0.22810984
0.23806849
0.24009696
0.24825417
0.31669809
0.41491913
0.39085912
0.33045771
0.33217473
0.32603259
0.32790426
0.32306922
0.33054022
0.34040481
0.38886921
0.50202920
0.56789793
0.60743796
0.62806983
0.56952465
0.46674737
0.37381542
0.27531035
0.23767396
0.23276597
0.24299778
0.24125882
0.23715728
0.30147162
0.39918121
0.38391805
0.34501816
0.34388753
0.33347980
0.33223791
0.33267701
0.32728287
0.32526316
0.37747776
0.46057017
0.53303630
0.61226216
0.62966943
0.57205215
0.47381625
0.38405813
0.29284071
0.26159345
0.23592302
0.22773866
0.23416596
0.26053353
0.31919001
0.40268078
0.37150224
0.31946675
0.33819743
0.33281391
0.31983657
0.31262511
0.30443625
0.32063521
0.36380660
0.46398163
0.52975239
0.58946883
0.62137715
0.57082570
0.46941340
0.37494237
0.26408657
0.22940147
0.21460199
0.21534640
0.20864754
0.23085648
0.29757889
0.39567611
0.38504020
0.33274112
0.32403676
0.31630673
0.31526781
0.30078418
0.29812709
0.31700738
0.36318523
0.46814505
0.55204389
0.60715200
0.62433648
0.55880357
0.44513441
0.34970143
0.25140328
0.21038446
0.19059127
0.19825832
0.20067977
0.22833839
0.29382956
0.37977712
0.35988028
0.31224852
0.31588926
0.30881448
0.28272029
0.27301790
0.27698442
0.29612326
0.33539184
0.43314739
0.51255271
0.58325157
0.61253000
0.56739809
0.46495649
0.34692264
0.25594331
0.22911811
0.20980906
0.20616151
0.20451606
0.22404145
0.28580240
0.39009849
0.38157150
0.31575516
0.31198765
0.30990039
0.29945020
0.29010887
0.28472593
0.29045937
0.33338406
0.42396269
0.50785984
0.57457049
0.60652166
0.56817388
0.47229153
0.36550506
0.25314176
0.21282885
0.19643693
0.20295411
0.20287918
0.22373656
0.28733574
0.39958990
0.39995822
0.33798525
0.32998301
0.32830309
0.30284674
0.28807570
0.28358451
0.30169657
0.34588141
0.45902832
0.56245804
0.62245805
0.63236308
0.57827538
0.47080637
0.36272378
0.24676913
0.21706042
0.19646966
0.19985127
0.22607660
0.24106125
0.30511033
0.42954066
0.42234268
0.36483927
0.34429041
0.34665068
0.33684641
0.31330061
0.31167484
0.32869782
0.36424647
0.47124509
0.57217310
0.63617716
0.64991773
0.59869376
0.50102089
0.40724791
0.29707339
0.24797614
0.23237948
0.22276028
0.23776090
0.26770907
0.32944443
0.41911257
0.39800246
0.35257379
0.34625400
0.34817115
0.34305327
0.34119010
0.34653990
0.36078694
0.40811938
0.50558006
0.58364077
0.64447969
0.66200058
0.60194753
0.49448484
0.41090524
0.30612452
0.25752274
0.24105389
0.24747629
0.26076373
0.28961773
0.35551109
0.44999564
0.43584484
0.38295029
0.37801032
0.36147978
0.33294334
0.31887962
0.32662269
0.34974088
0.40118092
0.50813098
0.58440556
0.65025189
0.67100726
0.60652957
0.49059363
0.38570164
0.27736784
0.25459610
0.22165470
0.22228466
0.22778609
0.23548469
0.30741145
0.41517588
0.39530906
0.33456984
0.32809227
0.32571437
0.30311823
0.29942982
0.29286776
0.30045988
0.34989802
0.47035867
0.54256480
0.60364531
0.63506094
0.58916292
0.46697041
0.37621426
0.28081694
0.23285480
0.21207546
0.20050013
0.21230806
0.24544295
0.30782327
0.40637524
0.39512145
0.35134479
0.35661170
0.33008299
0.29622049
0.28945063
0.28070541
0.29053486
0.33983169
0.45044955
0.52981234
0.59963602
0.62791782
0.55860549
0.45076384
0.36800030
0.27090661
0.22550539
0.20700728
0.21925314
0.22990993
0.24535064
0.32053973
0.42983370
0.40854809
0.35093719
0.35689148
0.34011567
0.31663788
0.31721319
0.32411834
0.32298789
0.36352306
0.47554025
0.57133345
0.64166634
0.64542506
0.58486750
0.47847170
0.38286933
0.29543473
0.24962538
0.21310658
0.21675558
0.23571520
0.25736096
0.31976124
0.42072799
0.41317071
0.35443454
0.34770759
0.34807783
0.32950962
0.30370233
0.29550859
0.30964594
0.36843112
0.48284692
0.55988216
0.61815755
0.64474232
0.60482036
0.49666443
0.39857123
0.29796880
0.25766370
0.23384324
0.23380156
0.23459338
0.25939277
0.34533783
0.45682803
0.44672296
0.38270209
0.38298087
0.37455238
0.35249566
0.32820491
0.31529646
0.30499029
0.36303477
0.49455195
0.59214429
0.67314223
0.68999958
0.62404830
0.51554081
0.41240700
0.29807112
0.25833235
0.23241170
0.21925681
0.23297603
0.26867264
0.30999624
0.38935555
0.40769103
0.39028886
0.38265735
0.37039677
0.36117370
0.34206449
0.33204171
0.33448996
0.34723694
0.41934374
0.50590055
0.57435295
0.61914087
0.59691524
0.53341124
0.44566599
0.35250783
0.31230721
0.27432438
0.24984359
0.23501586
0.22903542
0.26378633
0.33438236
0.36396869
0.34790299
0.34467119
0.34655576
0.33060269
0.32818232
0.32132196
0.32982418
0.34893281
0.41631927
0.48814261
0.53800908
0.57840023
0.57916681
0.51050517
0.43727115
0.37417536
0.33646396
0.30339777
0.28453213
0.25703574
0.25437410
0.28769914
0.36068430
0.37466287
0.36522874
0.36667374
0.36082171
0.34941608
0.34955416
0.32702571
0.33399670
0.36278610
0.42048201
0.48207328
0.55388740
0.58780713
0.57860021
0.53842796
0.46213867
0.36494178
0.26341872
0.22994490
0.21419605
0.21047354
0.20569424
0.22134533
0.27266102
0.35221422
0.33907065
0.30202783
0.30265316
0.30342156
0.29381834
0.28168264
0.28701129
0.31723410
0.40139481
0.55830373
0.63537894
0.60672513
0.57544039
0.52902974
0.43414862
0.34206167
0.25067192
0.21810381
0.20308094
0.19946656
0.20160904
0.21773653
0.27604539
0.35325170
0.34553866
0.30249029
0.31144857
0.30484039
0.29696411
0.29442136
0.29612993
0.32827414
0.42517690
0.58917728
0.67046236
0.63643228
0.61063344
0.56025667
0.46280010
0.37299315
0.27878336
0.24429819
0.22611186
0.22083254
0.22172740
0.23727522
0.29113726
0.37436719
0.36662139
0.33703182
0.34124128
0.34003605
0.32732825
0.31616668
0.31686425
0.34790062
0.44388902
0.60353272
0.68024619
0.64026159
0.61619549
0.56874222
0.47404742
0.38213762
0.28855138
0.25690997
0.23696353
0.22557769
0.22957006
0.24525103
0.29658205
0.38573045
0.38311429
0.34663703
0.34988460
0.34326699
0.33401081
0.31305231
0.32042040
0.34753572
0.43618484
0.60589412
0.68771754
0.65529424
0.63506204
0.58771586
0.49061582
0.40505296
0.31114657
0.28143654
0.26003830
0.25973539
0.25488963
0.27877612
0.32833289
0.40675767
0.39483180
0.36223977
0.36564923
0.36878500
0.35535335
0.34590654
0.34473687
0.38128631
0.46826102
0.63019274
0.70298948
0.66775739
0.63606220
0.58539767
0.48605832
0.39757017
0.30692127
0.26544027
0.25002328
0.24407846
0.24058882
0.25088362
0.30959215
0.38603491
0.37773801
0.33984651
0.34898003
0.34160021
0.33089850
0.32651632
0.33033338
0.36226485
0.45062780
0.60729962
0.68688543
0.65034736
0.62138720
0.57545431
0.47463005
0.38295101
0.29411746
0.25799217
0.23876300
0.23791111
0.23914361
0.25902658
0.31610365
0.39267102
0.38052852
0.34264431
0.35189663
0.34734507
0.33609942
0.32138735
0.32073528
0.35454478
0.44483647
0.60518392
0.69078677
0.65396805
0.61807508
0.56808216
0.46558863
0.37542247
0.27828074
0.24508704
0.22265507
0.22406403
0.22326580
0.24239403
0.29684040
0.37836486
0.36938020
0.33204532
0.33294324
0.33185688
0.32506903
0.31974688
0.32460649
0.35468807
0.44749543
0.60807687
0.68443300
0.65093393
0.61952132
0.57519656
0.47307633
0.38499429
0.29370975
0.25862245
0.23970637
0.23764508
0.23607955
0.25285696
0.30236719
0.38881911
0.37740037
0.33963711
0.35404861
0.35150722
0.33772155
0.33243396
0.33371277
0.36604949
0.45858586
0.61324104
0.69147891
0.65606119
0.63132108
0.58300335
0.47545184
0.38440218
0.29734125
0.26409674
0.24344894
0.24308842
0.24775742
0.26309627
0.31467139
0.40065878
0.39179407
0.35382216
0.35353581
0.34961237
0.34501270
0.33705052
0.33913362
0.36149071
0.45946087
0.62512939
0.70667068
0.66681994
0.64229719
0.59496467
0.49257033
0.40284102
0.30728255
0.27498084
0.25850549
0.25416408
0.25610513
0.27669610
0.33600704
0.42644309
0.42032231
0.38206618
0.39780241
0.38774269
0.38091373
0.36331330
0.36305778
0.39373500
0.48704562
0.64771428
0.72709133
0.69103473
0.66855044
0.62557138
0.51758573
0.42815742
0.33346400
0.30011186
0.27958268
0.27812593
0.27882133
0.29779192
0.35015627
0.43378691
0.42475456
0.38488581
0.39582632
0.38712655
0.37481711
0.36935085
0.37022414
0.40263718
0.49177557
0.65023183
0.73613601
0.70072109
0.67161644
0.61572950
0.51846396
0.42483374
0.32353996
0.28836699
0.27083756
0.26506878
0.26066447
0.27339802
0.32839197
0.41417059
0.39877763
0.35824709
0.35815447
0.35370411
0.34859494
0.34706684
0.34595551
0.38228594
0.46639633
0.62878484
0.71183557
0.67436017
0.64198316
0.59073430
0.49341996
0.40548580
0.31383309
0.28039050
0.26985306
0.26561712
0.26873834
0.28987265
0.35164593
0.43418899
0.42643904
0.38360979
0.38922071
0.37910576
0.36674103
0.35052867
0.35003685
0.38188431
0.47648235
0.64781694
0.72915487
0.69291165
0.66630498
0.62272747
0.52877878
0.43884706
0.34941355
0.31655740
0.30730013
0.31250385
0.31377019
0.33273379
0.39526831
0.47634075
0.46834699
0.42893850
0.43689882
0.42592224
0.41400490
0.40003978
0.39733581
0.42861482
0.51499980
0.66929303
0.76014946
0.71886735
0.68877376
0.63337648
0.53596582
0.44217610
0.35062115
0.32560752
0.31353871
0.31453145
0.31581098
0.33463566
0.39414222
0.48104376
0.46746507
0.43185784
0.43781209
0.43023039
0.40656492
0.39242830
0.38551087
0.42353010
0.50973227
0.68058308
0.75876496
0.73215767
0.70613518
0.66151304
0.57187958
0.47738655
0.39012776
0.36172107
0.34495580
0.34391692
0.34354138
0.36716338
0.42101293
0.49798685
0.47698453
0.43774993
0.43747206
0.41987443
0.40191805
0.38711891
0.39003142
0.41976628
0.50963231
0.68025141
0.76408426
0.72821145
0.69748389
0.64878058
0.54709390
0.45518827
0.36459316
0.32337598
0.30994812
0.30821700
0.30850512
0.32689359
0.37745674
0.46265238
0.45512636
0.42464461
0.43422240
0.43278311
0.42091904
0.41332846
0.41675810
0.44255483
0.53716236
0.68917703
0.77433958
0.73579127
0.70218462
0.64848341
0.54761368
0.45562367
0.35380555
0.31857165
0.31035715
0.30306797
0.30296180
0.31491600
0.36399360
0.45052420
0.44030321
0.40817273
0.41673946
0.40881824
0.39265189
0.37889604
0.37965565
0.41072298
0.49766372
0.65337679
0.74036194
0.70473159
0.67630230
0.62157318
0.52064689
0.42524939
0.32988409
0.29426245
0.27412632
0.27770440
0.27348922
0.28999664
0.34091791
0.42685856
0.41314334
0.38165008
0.38231981
0.37376778
0.35882276
0.33990450
0.34481193
0.36945910
0.46336284
0.62520432
0.71341374
0.67761866
0.65162966
0.58998823
0.49160245
0.40046719
0.30932349
0.27061419
0.26273115
0.25251391
0.25479859
0.27096314
0.31689276
0.40065833
0.39360019
0.35864148
0.35251252
0.34960045
0.33919083
0.32914875
0.33198490
0.36028951
0.45570619
0.62291811
0.70374481
0.67509111
0.64518581
0.59530613
0.49693633
0.40677759
0.31219125
0.27872498
0.26140609
0.25226375
0.25519943
0.27138742
0.32143617
0.40185667
0.39544694
0.35700124
0.35838063
0.35438971
0.34512262
0.33732084
0.33934805
0.37063895
0.46102369
0.62008376
0.70331837
0.66590698
0.63900235
0.59515591
0.49354344
0.40512528
0.31058868
0.27427531
0.26011543
0.25858382
0.25514837
0.27350166
0.32732221
0.40272085
0.39124913
0.35526735
0.35730769
0.35437736
0.34640247
0.34041226
0.34430636
0.37656291
0.46659465
0.63035444
0.70840922
0.67100575
0.64148792
0.59080545
0.49430082
0.40355215
0.30997854
0.28099018
0.26409044
0.25875815
0.25827542
0.27751565
0.33075034
0.41370350
0.39873085
0.36218137
0.36199796
0.35703771
0.34675739
0.33784515
0.34067023
0.37264821
0.46484662
0.61182088
0.70122445
0.65728739
0.63153198
0.57880475
0.48263406
0.38931035
0.29983198
0.26861877
0.25089380
0.25129332
0.24716970
0.26337357
0.31597302
0.39686847
0.38995231
0.36081557
0.36322073
0.35851421
0.35286026
0.34230314
0.34059068
0.37500346
0.46750693
0.62485977
0.70671072
0.67495295
0.63894774
0.58814298
0.48254617
0.38851367
0.29541006
0.25728251
0.23650217
0.23146149
0.22821338
0.24626865
0.30443697
0.38665526
0.37990683
0.33737039
0.34750020
0.33924219
0.33104308
0.31883090
0.31960197
0.34519492
0.43239894
0.58659289
0.66578894
0.62825307
0.59834890
0.55098109
0.44850176
0.35955990
0.26341667
0.22707536
0.20565643
0.19565159
0.20081983
0.21278322
0.27203182
0.35139575
0.33928596
0.30416267
0.30430946
0.30634684
0.30095094
0.29104830
0.29680186
0.32594590
0.41486705
0.57582277
0.65944877
0.62287770
0.59651431
0.54656197
0.45413497
0.36329585
0.27383435
0.23943987
0.21927339
0.21636228
0.21556316
0.23623679
0.28894670
0.37712226
0.36335132
0.33541852
0.33550188
0.33529029
0.31988864
0.32007464
0.31759610
0.35539217
0.44354924
0.60053074
0.67954307
0.63904663
0.60764477
0.55781270
0.45991445
0.36488352
0.27022402
0.22807117
0.21680616
0.21005748
0.20737286
0.22669367
0.28617897
0.36000609
0.34704180
0.30918553
0.31213414
0.31330217
0.29868565
0.29664467
0.29944514
0.33146554
0.42420124
0.58846190
0.66885074
0.63247908
0.59518110
0.55357219
0.45861087
0.36847974
0.27306259
0.24160431
0.22383139
0.22205773
0.22018425
0.24092848
0.29729635
0.37999372
0.36763857
0.33324564
0.33527340
0.34126772
0.33361329
0.32451562
0.32583209
0.35907989
0.44983821
0.60917047
0.69001868
0.65366144
0.61927492
0.57193367
0.46889018
0.38413085
0.31414285
0.28224889
0.26771507
0.26538720
0.26703323
0.28405508
0.34128655
0.43557110
0.42432878
0.36903823
0.37203853
0.38010805
0.37006675
0.35712287
0.36124834
0.39108800
0.49310020
0.66242139
0.73500978
0.67038367
0.64140070
0.58657297
0.48152333
0.37642087
0.28153689
0.26376257
0.25092802
0.25609498
0.26829063
0.29609702
0.36778128
0.46756744
0.46339310
0.41574715
0.42361945
0.43301599
0.41354510
0.39987362
0.40276015
0.42857965
0.53520113
0.71052339
0.79676468
0.73929760
0.70502260
0.64436880
0.53418709
0.41577290
0.30328157
0.26550156
0.24993243
0.24763548
0.26048286
0.28814706
0.34558071
0.44441150
0.43777601
0.38071671
0.39164556
0.38639591
0.38117118
0.37176841
0.37167701
0.41510385
0.51460242
0.68894379
0.77799521
0.71688271
0.68872182
0.62927445
0.52489080
0.41194633
0.30567711
0.27866956
0.26988199
0.26825793
0.27782894
0.30305668
0.37930313
0.48129930
0.46206708
0.41055012
0.40324472
0.40799874
0.38965192
0.37839932
0.37989049
0.42967444
0.53687896
0.72012283
0.80966235
0.74206107
0.70417778
0.64687929
0.54604840
0.43316570
0.33264768
0.30083831
0.28604315
0.29093827
0.30366015
0.32813504
0.38836154
0.47844705
0.46220571
0.40316343
0.40145053
0.40972924
0.39799849
0.39476639
0.40786802
0.43689130
0.53192335
0.70139164
0.79541065
0.73154266
0.69170041
0.63319137
0.52462558
0.43581773
0.33992290
0.31109961
0.28716043
0.28300822
0.28670714
0.30556935
0.36671536
0.46725415
0.44633340
0.38625379
0.39002486
0.40013692
0.39273515
0.37790311
0.38773690
0.42134193
0.52324408
0.70182013
0.78363904
0.72240409
0.69650180
0.64382744
0.54250357
0.44311941
0.34413074
0.31845268
0.30900459
0.30370341
0.30878195
0.33778347
0.39753194
0.49295015
0.48309733
0.43750788
0.45299779
0.45569079
0.44248668
0.43311535
0.43181907
0.47557145
0.57216782
0.75499268
0.83200834
0.76437708
0.73403172
0.66493031
0.56606456
0.46311195
0.35647693
0.32957220
0.32343559
0.31074268
0.32163946
0.35578542
0.40857287
0.50484574
0.47866006
0.42387198
0.44036274
0.43014636
0.41028566
0.39760864
0.39346109
0.42467592
0.53109866
0.69863265
0.79421629
0.73289846
0.70590410
0.64724334
0.54437234
0.44974092
0.34766544
0.32215650
0.30097243
0.29381575
0.29707824
0.32003895
0.37801014
0.47933017
0.46587320
0.41239909
0.41672521
0.42552625
0.42110352
0.41019625
0.41621550
0.44023882
0.54720875
0.71241352
0.79990706
0.74659334
0.71374883
0.65271411
0.55002253
0.45610729
0.35120693
0.32123090
0.29897901
0.28336003
0.27964495
0.30199640
0.36879581
0.47168964
0.46178822
0.41363744
0.41305154
0.42436057
0.41391532
0.40823735
0.41012946
0.43749202
0.53888805
0.70818259
0.79744017
0.74530915
0.71376906
0.66122925
0.55281109
0.45923856
0.34811502
0.31650053
0.30001605
0.29246904
0.29207274
0.30832951
0.36931443
0.45760493
0.44630912
0.40023003
0.40913357
0.41258556
0.40035024
0.40224944
0.40799023
0.43798866
0.54455622
0.71468441
0.80336609
0.74198080
0.71250131
0.64418871
0.54531214
0.44220485
0.33612321
0.30457844
0.28347865
0.28881364
0.29437362
0.31748276
0.38339608
0.48649673
0.46754711
0.41415199
0.41712769
0.41778600
0.40741853
0.39428866
0.40318866
0.43129717
0.53223020
0.69911267
0.78697444
0.72848527
0.68868875
0.62353255
0.52091476
0.42013520
0.31311432
0.29340439
0.28183067
0.26900975
0.27105648
0.28927477
0.35208755
0.45125522
0.43756618
0.38254064
0.38877652
0.39627536
0.38795384
0.37703518
0.38846463
0.41329014
0.51698101
0.68766895
0.77625027
0.71474317
0.68565657
0.62174166
0.51741080
0.41880798
0.32511643
0.28856031
0.27322170
0.26668255
0.27444612
0.28742805
0.34668595
0.44709989
0.44997541
0.40393651
0.41034564
0.40533039
0.38477491
0.38225075
0.39317109
0.42123397
0.52263243
0.70405425
0.79276437
0.73080298
0.69572650
0.64034508
0.53258190
0.43698926
0.32979888
0.30203881
0.28570802
0.27763420
0.28417381
0.29499585
0.36160096
0.46651538
0.45703033
0.39714840
0.40882076
0.40908054
0.39961882
0.39545491
0.39685576
0.41997503
0.51554495
0.68555596
0.77118486
0.71462728
0.68385798
0.63916660
0.53258345
0.43552950
0.33964745
0.30601719
0.29413892
0.29776116
0.30326268
0.31906869
0.38336068
0.47030263
0.46146853
0.40931323
0.41930546
0.42758063
0.41719042
0.41305725
0.41517750
0.45105416
0.54477980
0.71999523
0.80556653
0.73066104
0.70100828
0.64081642
0.53320616
0.42491598
0.31932191
0.28975303
0.27059661
0.26710035
0.27284629
0.28398642
0.34855279
0.43536639
0.42646675
0.38074008
0.38751508
0.38612511
0.37535325
0.36634540
0.37215526
0.40922980
0.51163071
0.68064107
0.76002678
0.70185292
0.66538122
0.60373728
0.50821442
0.40081082
0.29625058
0.26290569
0.24078910
0.24014149
0.24044856
0.26107819
0.32191577
0.41527891
0.40092250
0.35678022
0.35928048
0.35841751
0.34603388
0.33548044
0.33715975
0.37111284
0.47696121
0.63760126
0.72097525
0.65894637
0.62479507
0.56651621
0.46186692
0.35540099
0.25245268
0.21763847
0.20182721
0.19696178
0.21299191
0.24947050
0.32499920
0.42893830
0.41037395
0.36336359
0.36048717
0.37476739
0.35898282
0.35658038
0.35899870
0.39783238
0.49882329
0.67222181
0.76268258
0.69622934
0.65866127
0.59743688
0.49782524
0.40042830
0.29896106
0.27579638
0.26262437
0.25685286
0.26468543
0.28317722
0.34559508
0.44441787
0.41732848
0.36885004
0.36744260
0.37963257
0.37001876
0.36182314
0.36305219
0.40280863
0.50266965
0.68601519
0.76506619
0.70873464
0.67127845
0.62202257
0.51995239
0.41788724
0.30831845
0.28499367
0.27034396
0.26815582
0.27765255
0.30452149
0.36238978
0.45909684
0.44535438
0.39048859
0.38866034
0.39241013
0.38661790
0.37620670
0.38774374
0.41930684
0.51545901
0.70500626
0.78610966
0.73535527
0.70068352
0.64452667
0.53990009
0.44475329
0.33284227
0.31119520
0.29402192
0.29034588
0.29762822
0.32112764
0.37392079
0.45793776
0.42557362
0.36113794
0.34941781
0.33650720
0.32176122
0.31473500
0.31795542
0.35430189
0.45837751
0.63199196
0.72215713
0.66584958
0.62801642
0.56891661
0.47077727
0.39484459
0.31057121
0.28447068
0.27994272
0.28711441
0.28665899
0.31011524
0.36427311
0.44075973
0.42023874
0.35305011
0.33748981
0.33126165
0.31957408
0.31216412
0.33137142
0.36417402
0.47313039
0.64697035
0.72759636
0.67219479
0.63364094
0.57310313
0.47393280
0.38777455
0.28821042
0.27103033
0.25440702
0.25676264
0.26149455
0.28749473
0.34439097
0.43189743
0.40220188
0.33968647
0.33064409
0.32662180
0.30987714
0.29664357
0.31253720
0.35216560
0.45496732
0.62641966
0.71118142
0.65199483
0.62491970
0.56274696
0.46652863
0.37516298
0.28871869
0.26494685
0.26330034
0.26210371
0.26761713
0.29020571
0.34418661
0.43207482
0.39868434
0.33227806
0.32120674
0.32222979
0.31481157
0.30966218
0.31851001
0.34266475
0.45010460
0.63007751
0.71952959
0.66526692
0.63787548
0.58412730
0.48541341
0.38753521
0.30815843
0.28340482
0.26759835
0.27299850
0.27057252
0.29964490
0.36275004
0.46205934
0.45243848
0.39402961
0.40502791
0.40287902
0.38303318
0.37643412
0.38153993
0.42281912
0.52521361
0.70985594
0.79151221
0.73384408
0.70638463
0.64323056
0.53651108
0.43492288
0.32981791
0.31147172
0.30729251
0.31454986
0.32827134
0.35628761
0.43431190
0.52889194
0.51908103
0.46330215
0.47049122
0.47561201
0.46387420
0.44689004
0.45186604
0.48318590
0.58135463
0.76370073
0.86109210
0.80236511
0.77114694
0.71198462
0.60519330
0.49945690
0.39816584
0.37229388
0.35930212
0.35654506
0.36699300
0.38857203
0.44920592
0.54164331
0.52499048
0.47611185
0.47697831
0.47949490
0.46358130
0.45484681
0.45961920
0.48548335
0.58928686
0.76433244
0.85457180
0.79893097
0.76145659
0.71374316
0.60930149
0.50972588
0.41395124
0.38854734
0.37585902
0.37299794
0.37703932
0.39595544
0.46109198
0.55207714
0.54044281
0.48231627
0.48223721
0.48282376
0.47355224
0.46254330
0.47351276
0.51026066
0.61029834
0.78606919
0.87109522
0.81121304
0.77970260
0.71880944
0.61205565
0.51339075
0.41897993
0.38513035
0.35830255
0.35869039
0.37145791
0.39515793
0.45988127
0.54778459
0.54109895
0.49379716
0.50035026
0.50069130
0.49139030
0.47232733
0.46561356
0.49738329
0.59582693
0.77005626
0.85633865
0.78603226
0.75031843
0.68592983
0.57758777
0.47783099
0.38468870
0.35866005
0.33738656
0.32617176
0.33901019
0.35732056
0.41725893
0.51334231
0.49778182
0.44899418
0.44638162
0.44816632
0.43533701
0.42925994
0.42939177
0.46748715
0.56740540
0.74046964
0.82971633
0.77424652
0.74457886
0.69258720
0.59443398
0.49044129
