0.00000000
0.00000000
0.00000000
0.00000000
0.00000000
0.00000000
0.00000000
0.00160500
0.11927500
0.23426700
0.31973900
0.47726200
0.53949300
0.51119900
0.44215500
0.29994100
0.14816600
0.00000000
0.00000000
0.00000000
0.00000000
0.00000000
0.00000000
0.00000000
0.00000000
0.00000000
0.00000000
0.00000000
0.00000000
0.00000000
0.00000000
0.00076200
0.11915800
0.24702400
0.44420600
0.53834700
0.58192800
0.55931600
0.46720700
0.32348900
0.16901200
0.00000000
0.00000000
0.00000000
0.00000000
0.00000000
0.00000000
0.00000000
0.00000000
0.00000000
0.00000000
0.00000000
0.00000000
0.00000000
0.00000000
0.00238300
0.19320900
0.40127900
0.52423300
0.57944300
0.58270200
0.54093400
0.45181200
0.31552800
0.15967400
0.00000000
0.00000000
0.00000000
0.00000000
0.00000000
0.00000000
0.00000000
0.00000000
0.00000000
0.00000000
0.00000000
0.00000000
0.00000000
0.00000000
0.00242200
0.18274600
0.33676100
0.50116600
0.59101200
0.60717800
0.56088800
0.45508200
0.31791600
0.16802700
0.00000000
0.00000000
0.00000000
0.00000000
0.00000000
0.00000000
0.00000000
0.00000000
0.00000000
0.00000000
0.00000000
0.00000000
0.00000000
0.00000000
0.00000000
0.22215100
0.41922500
0.54335600
0.60278900
0.60996300
0.54781600
0.45848400
0.30060300
0.15742700
0.00000000
0.00000000
0.00000000
0.00000000
0.00000000
0.00000000
0.00000000
0.00000000
0.00000000
0.00000000
0.00000000
0.00000000
0.00000000
0.00000000
0.00156000
0.20617300
0.37408300
0.51659100
0.60771700
0.62366000
0.54926900
0.47463700
0.33253800
0.17138000
0.00000000
0.00000000
0.00000000
0.00000000
0.00000000
0.00000000
0.00000000
0.00000000
0.00000000
0.00000000
0.00000000
0.00000000
0.00000000
0.00000000
0.00157000
0.21204900
0.41219300
0.52584100
0.58202400
0.58933100
0.54843400
0.45988500
0.31908100
0.16295500
0.00000000
0.00000000
0.00000000
0.00000000
0.00000000
0.00000000
0.00000000
0.00000000
0.00000000
0.00000000
0.00000000
0.00000000
0.00000000
0.00000000
0.00152200
0.22257200
0.41697900
0.52463200
0.58048700
0.58622800
0.54618900
0.45871600
0.32479800
0.16385600
0.00000000
0.00000000
0.00000000
0.00000000
0.00000000
0.00000000
0.00000000
0.00000000
0.00000000
0.00000000
0.00000000
0.00000000
0.00000000
0.00000000
0.00156100
0.22207200
0.41791200
0.52703800
0.59431500
0.60870100
0.56773100
0.47641000
0.33603800
0.17010600
0.00000000
0.00000000
0.00000000
0.00000000
0.00000000
0.00000000
0.00000000
0.00000000
0.00000000
0.00000000
0.00000000
0.00000000
0.00000000
0.00000000
0.00000000
0.16170700
0.13754900
0.41194900
0.20950800
0.47124800
0.55356100
0.48970900
0.34283600
0.17533600
0.00000000
0.00000000
0.00000000
0.00000000
0.00000000
0.00000000
0.00000000
0.00000000
0.00000000
0.00000000
0.00000000
0.00000000
0.00000000
0.00000000
0.01146900
0.22531100
0.43923000
0.56329500
0.62937800
0.63468200
0.58930200
0.50099700
0.34874100
0.17660600
0.00000000
0.00000000
0.00000000
0.00000000
0.00000000
0.00000000
0.00000000
0.00000000
0.00000000
0.00000000
0.00000000
0.00000000
0.00000000
0.00000000
0.00147000
0.22518400
0.43549200
0.56101800
0.62389000
0.63233200
0.58717700
0.49135900
0.34684500
0.17871200
0.00000000
0.00000000
0.00000000
0.00000000
0.00000000
0.00000000
0.00000000
0.00000000
0.00000000
0.00000000
0.00000000
0.00000000
0.00000000
0.00000000
0.00145500
0.21425100
0.40771900
0.53134200
0.55388000
0.47059400
0.54381700
0.46961600
0.32768400
0.13783600
0.00000000
0.00000000
0.00000000
0.00000000
0.00000000
0.00000000
0.00000000
0.00000000
0.00000000
0.00000000
0.00000000
0.00000000
0.00000000
0.00000000
0.00000000
0.11439100
0.36131600
0.28088200
0.40422800
0.58404400
0.25432600
0.17142000
0.34003900
0.17623600
0.00000000
0.00000000
0.00000000
0.00000000
0.00000000
0.00000000
0.00000000
0.00000000
0.00000000
0.00000000
0.00000000
0.00000000
0.00000000
0.00000000
0.00000000
0.03707900
0.06371500
0.13630900
0.07799200
0.08290100
0.08120900
0.08172400
0.04895000
0.02087500
0.00000000
0.00000000
0.00000000
0.00000000
0.00000000
0.00000000
0.00000000
0.00000000
0.00000000
0.00000000
0.00000000
0.00000000
0.00000000
0.00000000
0.00000000
0.08326900
0.10942300
0.11087600
0.10531100
0.12335900
0.10844900
0.08951600
0.05662300
0.02287800
0.00000000
0.00000000
0.00000000
0.00000000
0.00000000
0.00000000
0.00000000
0.00000000
0.00000000
0.00000000
0.00000000
0.00000000
0.00000000
0.00000000
0.00066300
0.14800100
0.21398100
0.17331700
0.49386900
0.27296900
0.52952800
0.15788300
0.13294800
0.13757600
0.00233000
0.00000000
0.00000000
0.00000000
0.00000000
0.00000000
0.00000000
0.00000000
0.00000000
0.00000000
0.00000000
0.00000000
0.00000000
0.00000000
0.00061300
0.06304200
0.07890600
0.07952500
0.18094600
0.56589600
0.50657500
0.50811600
0.35497400
0.19124700
0.00000000
0.00000000
0.00000000
0.00000000
0.00000000
0.00000000
0.00000000
0.00000000
0.00000000
0.00000000
0.00000000
0.00000000
0.00000000
0.00000000
0.00316800
0.21369800
0.40646300
0.52866000
0.59313300
0.58424000
0.36739000
0.40774800
0.28970800
0.13915100
0.00000000
0.00000000
0.00000000
0.00000000
0.00000000
0.00000000
0.00000000
0.00000000
0.00000000
0.00000000
0.00000000
0.00000000
0.00000000
0.00000000
0.00317100
0.23295600
0.43514400
0.55582500
0.62265300
0.62558800
0.59686800
0.50412700
0.36423200
0.19377000
0.00071500
0.00000000
0.00000000
0.00000000
0.00000000
0.00000000
0.00000000
0.00000000
0.00000000
0.00000000
0.00000000
0.00000000
0.00000000
0.00000000
0.00402800
0.23701400
0.43875000
0.56086300
0.62763300
0.63880100
0.59219400
0.50864000
0.36655800
0.19480700
0.00157000
0.00000000
0.00000000
0.00000000
0.00000000
0.00000000
0.00000000
0.00000000
0.00000000
0.00000000
0.00000000
0.00000000
0.00000000
0.00000000
0.00239700
0.23665600
0.43304300
0.49784900
0.60547100
0.63285600
0.59526400
0.50277800
0.36333700
0.19425100
0.00321000
0.00000000
0.00000000
0.00000000
0.00000000
0.00000000
0.00000000
0.00000000
0.00000000
0.00000000
0.00000000
0.00000000
0.00000000
0.00000000
0.00318300
0.21223300
0.41678300
0.56094800
0.62920000
0.65597500
0.61642800
0.52679900
0.38287200
0.20651100
0.00490400
0.00000000
0.00000000
0.00000000
0.00000000
0.00000000
0.00000000
0.00000000
0.00000000
0.00000000
0.00000000
0.00000000
0.00000000
0.00000000
0.00321200
0.23499200
0.44709900
0.58277800
0.64370400
0.66430200
0.62272400
0.52709500
0.38486300
0.20169500
0.00649100
0.00000000
0.00000000
0.00000000
0.00000000
0.00000000
0.00000000
0.00000000
0.00000000
0.00000000
0.00000000
0.00000000
0.00000000
0.00000000
0.00234800
0.05358300
0.32306400
0.41818700
0.12310600
0.62601700
0.59791900
0.49423200
0.37493300
0.20415700
0.00000000
0.00000000
0.00000000
0.00000000
0.00000000
0.00000000
0.00000000
0.00000000
0.00000000
0.00000000
0.00000000
0.00000000
0.00000000
0.00000000
0.00476600
0.24041400
0.44045000
0.56871000
0.59853800
0.59594200
0.54350900
0.07068900
0.05347600
0.02582500
0.00982600
0.00000000
0.00000000
0.00000000
0.00000000
0.00000000
0.00000000
0.00000000
0.00000000
0.00000000
0.00000000
0.00000000
0.00000000
0.00000000
0.00556900
0.21612600
0.43457400
0.54538100
0.56608200
0.40469000
0.25111900
0.08124700
0.14038500
0.10323800
0.00000000
0.00000000
0.00000000
0.00000000
0.00000000
0.00000000
0.00000000
0.00000000
0.00000000
0.00000000
0.00000000
0.00000000
0.00000000
0.00000000
0.00651100
0.17942200
0.35190100
0.55746800
0.63359600
0.64388000
0.60762700
0.49625300
0.38168600
0.21232800
0.01111000
0.00000000
0.00000000
0.00000000
0.00000000
0.00000000
0.00000000
0.00000000
0.00000000
0.00000000
0.00000000
0.00000000
0.00000000
0.00000000
0.00732300
0.23574200
0.42427300
0.54337400
0.61522600
0.62330900
0.58899900
0.50707600
0.38189600
0.18297100
0.00803700
0.00000000
0.00000000
0.00000000
0.00000000
0.00000000
0.00000000
0.00000000
0.00000000
0.00000000
0.00000000
0.00000000
0.00000000
0.00000000
0.00892700
0.24605000
0.44763900
0.56940600
0.63565300
0.65005800
0.61091400
0.52398300
0.38845500
0.22278000
0.01633400
0.00000000
0.00000000
0.00000000
0.00000000
0.00000000
0.00000000
0.00000000
0.00000000
0.00000000
0.00000000
0.00000000
0.00000000
0.00000000
0.00985700
0.25054000
0.45064700
0.57140600
0.63933500
0.65134100
0.60015600
0.52565700
0.38953500
0.22587500
0.01510500
0.00000000
0.00000000
0.00000000
0.00000000
0.00000000
0.00000000
0.00000000
0.00000000
0.00000000
0.00000000
0.00000000
0.00000000
0.00000000
0.00891600
0.23995100
0.43013400
0.53355700
0.58598700
0.58766600
0.56530000
0.50404900
0.38016800
0.20977600
0.01803900
0.00000000
0.00000000
0.00000000
0.00000000
0.00000000
0.00000000
0.00000000
0.00000000
0.00000000
0.00000000
0.00000000
0.00000000
0.00000000
0.00962500
0.24478700
0.43518600
0.56543600
0.64074100
0.64044300
0.60507700
0.52023800
0.39315600
0.22273600
0.02030500
0.00000000
0.00000000
0.00000000
0.00000000
0.00000000
0.00000000
0.00000000
0.00000000
0.00000000
0.00000000
0.00000000
0.00000000
0.00000000
0.01130700
0.25165200
0.45247000
0.57599200
0.64357500
0.66098600
0.62212800
0.53411000
0.39943900
0.22736700
0.02371000
0.00000000
0.00000000
0.00000000
0.00000000
0.00000000
0.00000000
0.00000000
0.00000000
0.00000000
0.00000000
0.00000000
0.00000000
0.00000000
0.01211400
0.25478400
0.44285900
0.58096400
0.65484300
0.66818700
0.62983400
0.54020900
0.39867300
0.22830700
0.02712400
0.00000000
0.00000000
0.00000000
0.00000000
0.00000000
0.00000000
0.00000000
0.00000000
0.00000000
0.00000000
0.00000000
0.00000000
0.00000000
0.01369200
0.26670900
0.45381900
0.57782100
0.64458400
0.66445500
0.60796700
0.53867300
0.24103000
0.18088000
0.02906500
0.00000000
0.00000000
0.00000000
0.00000000
0.00000000
0.00000000
0.00000000
0.00000000
0.00000000
0.00000000
0.00000000
0.00000000
0.00000000
0.01187300
0.23589900
0.41296600
0.55463800
0.61717800
0.62850100
0.59155700
0.50935000
0.38128900
0.21634300
0.01708800
0.00000000
0.00000000
0.00000000
0.00000000
0.00000000
0.00000000
0.00000000
0.00000000
0.00000000
0.00000000
0.00000000
0.00000000
0.00000000
0.01608300
0.25533900
0.42464900
0.53090400
0.52276000
0.60630100
0.51510100
0.49707200
0.37097200
0.18638300
0.00337100
0.00000000
0.00000000
0.00000000
0.00000000
0.00000000
0.00000000
0.00000000
0.00000000
0.00000000
0.00000000
0.00000000
0.00000000
0.00000000
0.00928700
0.07531700
0.18215100
0.27469700
0.14256200
0.25821900
0.46034200
0.19171800
0.16730100
0.04068200
0.00354400
0.00000000
0.00000000
0.00000000
0.00000000
0.00000000
0.00000000
0.00000000
0.00000000
0.00000000
0.00000000
0.00000000
0.00000000
0.00000000
0.00000000
0.02454100
0.05011500
0.06898400
0.08376400
0.30290200
0.63856800
0.32466200
0.17313500
0.23168300
0.03631300
0.00000000
0.00000000
0.00000000
0.00000000
0.00000000
0.00000000
0.00000000
0.00000000
0.00000000
0.00000000
0.00000000
0.00000000
0.00000000
0.01552800
0.14113300
0.19685400
0.31656200
0.31446700
0.53675600
0.30586800
0.13758400
0.33756000
0.14326100
0.02331300
0.00000000
0.00000000
0.00000000
0.00000000
0.00000000
0.00000000
0.00000000
0.00000000
0.00000000
0.00000000
0.00000000
0.00000000
0.00000000
0.02058500
0.25428500
0.45125200
0.55399500
0.61378100
0.62754000
0.59207900
0.51646700
0.38856300
0.22455000
0.03595700
0.00000000
0.00000000
0.00000000
0.00000000
0.00000000
0.00000000
0.00000000
0.00000000
0.00000000
0.00000000
0.00000000
0.00000000
0.00000000
0.01603700
0.20543400
0.40244900
0.48957500
0.65150700
0.63629800
0.61684500
0.49038600
0.32417500
0.03868200
0.01222900
0.00000000
0.00000000
0.00000000
0.00000000
0.00000000
0.00000000
0.00000000
0.00000000
0.00000000
0.00000000
0.00000000
0.00000000
0.00000000
0.02055800
0.25010900
0.43600500
0.55027500
0.53698900
0.64181300
0.61736500
0.51693500
0.35337000
0.22871200
0.04307300
0.00000000
0.00000000
0.00000000
0.00000000
0.00000000
0.00000000
0.00000000
0.00000000
0.00000000
0.00000000
0.00000000
0.00000000
0.00000000
0.02971800
0.27586400
0.46420000
0.58617800
0.65037300
0.66016100
0.62532700
0.53891600
0.40659400
0.23702600
0.05834900
0.00000000
0.00000000
0.00000000
0.00000000
0.00000000
0.00000000
0.00000000
0.00000000
0.00000000
0.00000000
0.00000000
0.00000000
0.00000000
0.03352000
0.24553700
0.14023000
0.51645700
0.62278900
0.14744700
0.19775800
0.15068700
0.30211900
0.07519000
0.04347700
0.00000000
0.00000000
0.00000000
0.00000000
0.00000000
0.00000000
0.00000000
0.00000000
0.00000000
0.00000000
0.00000000
0.00000000
0.00000000
0.03592500
0.26955200
0.46270000
0.58224800
0.62111300
0.63069200
0.59678100
0.51768900
0.39411200
0.23639600
0.05581400
0.00000000
0.00000000
0.00000000
0.00000000
0.00000000
0.00000000
0.00000000
0.00000000
0.00000000
0.00000000
0.00000000
0.00000000
0.00000000
0.03391300
0.25350300
0.32550300
0.54678100
0.63181600
0.65579500
0.64692900
0.55738500
0.41919900
0.24834600
0.06260400
0.00000000
0.00000000
0.00000000
0.00000000
0.00000000
0.00000000
0.00000000
0.00000000
0.00000000
0.00000000
0.00000000
0.00000000
0.00000000
0.03697300
0.28592900
0.48801900
0.61952500
0.68818800
0.69988700
0.65974300
0.56593000
0.42438700
0.24875300
0.07139300
0.00000000
0.00000000
0.00000000
0.00000000
0.00000000
0.00000000
0.00000000
0.00000000
0.00000000
0.00000000
0.00000000
0.00000000
0.00000000
0.04023000
0.28426500
0.47988200
0.60439400
0.66895000
0.68192900
0.64317100
0.55399000
0.41778700
0.24642700
0.06740600
0.00000000
0.00000000
0.00000000
0.00000000
0.00000000
0.00000000
0.00000000
0.00000000
0.00000000
0.00000000
0.00000000
0.00000000
0.00000000
0.04313000
0.28626100
0.47983100
0.60310600
0.66799700
0.67922400
0.64113800
0.55171100
0.41666100
0.24600600
0.06981400
0.00000000
0.00000000
0.00000000
0.00000000
0.00000000
0.00000000
0.00000000
0.00000000
0.00000000
0.00000000
0.00000000
0.00000000
0.00000000
0.04599700
0.29090200
0.47894300
0.60112000
0.66428200
0.67565400
0.63632500
0.54857800
0.41381100
0.24527300
0.07204800
0.00000000
0.00000000
0.00000000
0.00000000
0.00000000
0.00000000
0.00000000
0.00000000
0.00000000
0.00000000
0.00000000
0.00000000
0.00000000
0.04371600
0.27784700
0.45647700
0.56141000
0.61549100
0.62310700
0.48641100
0.09378100
0.39398500
0.22645700
0.06000300
0.00000000
0.00000000
0.00000000
0.00000000
0.00000000
0.00000000
0.00000000
0.00000000
0.00000000
0.00000000
0.00000000
0.00000000
0.00000000
0.04684300
0.30375400
0.49050400
0.61149600
0.67562100
0.67496100
0.62707800
0.55073800
0.41725700
0.11904700
0.07816900
0.00000000
0.00000000
0.00000000
0.00000000
0.00000000
0.00000000
0.00000000
0.00000000
0.00000000
0.00000000
0.00000000
0.00000000
0.00000000
0.05448000
0.25176900
0.43745400
0.60790400
0.65818500
0.58780100
0.43463600
0.50569100
0.41540400
0.24663500
0.07416700
0.00000000
0.00000000
0.00000000
0.00000000
0.00000000
0.00000000
0.00000000
0.00000000
0.00000000
0.00000000
0.00000000
0.00000000
0.00000000
0.05508600
0.28340900
0.48440300
0.60541600
0.66665900
0.67853800
0.64098700
0.55494700
0.42068700
0.24259000
0.04431200
0.00000000
0.00000000
0.00000000
0.00000000
0.00000000
0.00000000
0.00000000
0.00000000
0.00000000
0.00000000
0.00000000
0.00000000
0.00000000
0.04669000
0.31079600
0.48685500
0.60810200
0.67019100
0.68071100
0.64120100
0.55226000
0.41765000
0.24316900
0.08425900
0.00000000
0.00000000
0.00000000
0.00000000
0.00000000
0.00000000
0.00000000
0.00000000
0.00000000
0.00000000
0.00000000
0.00000000
0.00000000
0.02964700
0.26113800
0.48006700
0.59651600
0.65022700
0.63347100
0.64206500
0.55287500
0.41801100
0.24347200
0.08001500
0.00000000
0.00000000
0.00000000
0.00000000
0.00000000
0.00000000
0.00000000
0.00000000
0.00000000
0.00000000
0.00000000
0.00000000
0.00000000
0.07076300
0.31108800
0.47320600
0.58351600
0.65664600
0.66614300
0.62326700
0.54277700
0.41307900
0.24213200
0.07534600
0.00000000
0.00000000
0.00000000
0.00000000
0.00000000
0.00000000
0.00000000
0.00000000
0.00000000
0.00000000
0.00000000
0.00000000
0.00000000
0.06541900
0.30247600
0.49103700
0.60755900
0.67107400
0.68856700
0.64445000
0.55065700
0.42034400
0.24702100
0.07835800
0.00000000
0.00000000
0.00000000
0.00000000
0.00000000
0.00000000
0.00000000
0.00000000
0.00000000
0.00000000
0.00000000
0.00000000
0.00000000
0.07180900
0.28832900
0.47559500
0.58286900
0.64668400
0.65514800
0.61771500
0.53764400
0.40841800
0.23906400
0.07887100
0.00000000
0.00000000
0.00000000
0.00000000
0.00000000
0.00000000
0.00000000
0.00000000
0.00000000
0.00000000
0.00000000
0.00000000
0.00000000
0.05964200
0.29091200
0.46691500
0.57638100
0.63175000
0.65868000
0.62066000
0.53490700
0.40409000
0.23945800
0.05165900
0.00000000
0.00000000
0.00000000
0.00000000
0.00000000
0.00000000
0.00000000
0.00000000
0.00000000
0.00000000
0.00000000
0.00000000
0.00000000
0.07182100
0.26107000
0.42687600
0.53964900
0.48529200
0.61544900
0.52922000
0.38716200
0.37341300
0.23822400
0.05769400
0.00000000
0.00000000
0.00000000
0.00000000
0.00000000
0.00000000
0.00000000
0.00000000
0.00000000
0.00000000
0.00000000
0.00000000
0.00000000
0.06195500
0.25289500
0.44967700
0.56934900
0.64620200
0.67007100
0.64387800
0.54770900
0.41566000
0.24768600
0.08306300
0.00000000
0.00000000
0.00000000
0.00000000
0.00000000
0.00000000
0.00000000
0.00000000
0.00000000
0.00000000
0.00000000
0.00000000
0.00000000
0.08977000
0.30264500
0.48533700
0.60122400
0.65375300
0.66785100
0.62137000
0.53308900
0.41048000
0.24417300
0.08474000
0.00000000
0.00000000
0.00000000
0.00000000
0.00000000
0.00000000
0.00000000
0.00000000
0.00000000
0.00000000
0.00000000
0.00000000
0.00000000
0.07601400
0.29909000
0.47361400
0.58290200
0.63163200
0.64569000
0.60766300
0.53163600
0.39876400
0.24005200
0.05943300
0.00000000
0.00000000
0.00000000
0.00000000
0.00000000
0.00000000
0.00000000
0.00000000
0.00000000
0.00000000
0.00000000
0.00000000
0.00000000
0.09013300
0.31204800
0.46689500
0.57001000
0.61686500
0.65415000
0.61038000
0.52520600
0.40662300
0.24745100
0.08274900
0.00000000
0.00000000
0.00000000
0.00000000
0.00000000
0.00000000
0.00000000
0.00000000
0.00000000
0.00000000
0.00000000
0.00000000
0.00000000
0.09545800
0.30831800
0.48257900
0.57265100
0.62466700
0.65683200
0.61957000
0.53405200
0.41658000
0.24930300
0.08823200
0.00000000
0.00000000
0.00000000
0.00000000
0.00000000
0.00000000
0.00000000
0.00000000
0.00000000
0.00000000
0.00000000
0.00000000
0.00000000
0.09194400
0.31186300
0.48868600
0.60508200
0.66382700
0.68208900
0.65326800
0.56030700
0.41858800
0.24984200
0.08440600
0.00000000
0.00000000
0.00000000
0.00000000
0.00000000
0.00000000
0.00000000
0.00000000
0.00000000
0.00000000
0.00000000
0.00000000
0.00000000
0.10579100
0.33899500
0.50797800
0.62665800
0.68302400
0.69000100
0.64646400
0.55838300
0.42236500
0.25196600
0.08569500
0.00000000
0.00000000
0.00000000
0.00000000
0.00000000
0.00000000
0.00000000
0.00000000
0.00000000
0.00000000
0.00000000
0.00000000
0.00000000
0.10940100
0.33956300
0.50798900
0.61923000
0.68417800
0.68807600
0.64435900
0.55039800
0.42018900
0.25013300
0.08544300
0.00000000
0.00000000
0.00000000
0.00000000
0.00000000
0.00000000
0.00000000
0.00000000
0.00000000
0.00000000
0.00000000
0.00000000
0.00000000
0.10608900
0.31767100
0.47148000
0.56977200
0.61821200
0.62231600
0.58649700
0.50808600
0.38996100
0.23775500
0.08454400
0.00000000
0.00000000
0.00000000
0.00000000
0.00000000
0.00000000
0.00000000
0.00000000
0.00000000
0.00000000
0.00000000
0.00000000
0.00000000
0.10870700
0.32428200
0.48505900
0.56847900
0.61509900
0.62119100
0.58619100
0.50881500
0.39013500
0.23692400
0.08525000
0.00000000
0.00000000
0.00000000
0.00000000
0.00000000
0.00000000
0.00000000
0.00000000
0.00000000
0.00000000
0.00000000
0.00000000
0.00000000
0.10737000
0.30708100
0.47054500
0.56245400
0.61395900
0.62262700
0.58764200
0.50825000
0.36677000
0.23871200
0.08648600
0.00000000
0.00000000
0.00000000
0.00000000
0.00000000
0.00000000
0.00000000
0.00000000
0.00000000
0.00000000
0.00000000
0.00000000
0.00000000
0.11114500
0.31712700
0.46724000
0.56933300
0.62113700
0.62598900
0.58195600
0.42531200
0.39165700
0.22159100
0.08869700
0.00000000
0.00000000
0.00000000
0.00000000
0.00000000
0.00000000
0.00000000
0.00000000
0.00000000
0.00000000
0.00000000
0.00000000
0.00000000
0.12133700
0.33296800
0.47520500
0.57358500
0.61338900
0.62609500
0.61415000
0.53055100
0.40454300
0.24787500
0.08601800
0.00000000
0.00000000
0.00000000
0.00000000
0.00000000
0.00000000
0.00000000
0.00000000
0.00000000
0.00000000
0.00000000
0.00000000
0.00000000
0.09174200
0.30988500
0.44339500
0.57893200
0.63589000
0.64724300
0.60668300
0.52721000
0.40258500
0.24335100
0.08503900
0.00000000
0.00000000
0.00000000
0.00000000
0.00000000
0.00000000
0.00000000
0.00000000
0.00000000
0.00000000
0.00000000
0.00000000
0.00000000
0.12413600
0.30206700
0.45080400
0.57141700
0.61582000
0.61932300
0.58310600
0.50619400
0.38885000
0.23415600
0.08570000
0.00000000
0.00000000
0.00000000
0.00000000
0.00000000
0.00000000
0.00000000
0.00000000
0.00000000
0.00000000
0.00000000
0.00000000
0.00000000
0.06209000
0.05927700
0.09583800
0.21229500
0.20384500
0.36829400
0.59427600
0.50762700
0.38922700
0.23395700
0.07996900
0.00000000
0.00000000
0.00000000
0.00000000
0.00000000
0.00000000
0.00000000
0.00000000
0.00000000
0.00000000
0.00000000
0.00000000
0.00000000
0.08207800
0.31115100
0.48190600
0.58150600
0.65320800
0.65914700
0.62169700
0.55062800
0.41717500
0.25083500
0.08691300
0.00000000
0.00000000
0.00000000
0.00000000
0.00000000
0.00000000
0.00000000
0.00000000
0.00000000
0.00000000
0.00000000
0.00000000
0.00000000
0.11720900
0.31848000
0.48419900
0.58357400
0.62756500
0.65573100
0.61653700
0.53296100
0.40425500
0.24161800
0.07987000
0.00000000
0.00000000
0.00000000
0.00000000
0.00000000
0.00000000
0.00000000
0.00000000
0.00000000
0.00000000
0.00000000
0.00000000
0.00000000
0.14982600
0.25953700
0.17180800
0.56616400
0.62064600
0.62306500
0.58613600
0.51952000
0.40243000
0.23995000
0.08447100
0.00000000
0.00000000
0.00000000
0.00000000
0.00000000
0.00000000
0.00000000
0.00000000
0.00000000
0.00000000
0.00000000
0.00000000
0.00000000
0.14645400
0.35063500
0.48251300
0.57432200
0.61720400
0.61954900
0.54477100
0.45074700
0.32582200
0.13009100
0.01578700
0.00000000
0.00000000
0.00000000
0.00000000
0.00000000
0.00000000
0.00000000
0.00000000
0.00000000
0.00000000
0.00000000
0.00000000
0.00000000
0.13093900
0.19595100
0.49406100
0.58818500
0.64589300
0.43389200
0.58129600
0.48630400
0.39096000
0.23989900
0.08492500
0.00000000
0.00000000
0.00000000
0.00000000
0.00000000
0.00000000
0.00000000
0.00000000
0.00000000
0.00000000
0.00000000
0.00000000
0.00000000
0.14984100
0.36260100
0.51099800
0.61368400
0.66236500
0.66541200
0.64195900
0.55223100
0.41810200
0.25101200
0.08649300
0.00000000
0.00000000
0.00000000
0.00000000
0.00000000
0.00000000
0.00000000
0.00000000
0.00000000
0.00000000
0.00000000
0.00000000
0.00000000
0.07394200
0.22634400
0.28893400
0.39118400
0.41381100
0.23303500
0.22120400
0.14812900
0.09643500
0.11131000
0.03039200
0.00000000
0.00000000
0.00000000
0.00000000
0.00000000
0.00000000
0.00000000
0.00000000
0.00000000
0.00000000
0.00000000
0.00000000
0.00000000
0.12457700
0.36007700
0.50485600
0.59686900
0.64264300
0.64365800
0.45488000
0.13697400
0.30712200
0.21794900
0.08408700
0.00000000
0.00000000
0.00000000
0.00000000
0.00000000
0.00000000
0.00000000
0.00000000
0.00000000
0.00000000
0.00000000
0.00000000
0.00117600
0.05100600
0.10833300
0.49301400
0.48406900
0.55529300
0.57215500
0.52871000
0.50940800
0.31920600
0.18980300
0.06671300
0.00000000
0.00000000
0.00000000
0.00000000
0.00000000
0.00000000
0.00000000
0.00000000
0.00000000
0.00000000
0.00000000
0.00000000
0.00116300
0.15928300
0.33778300
0.50881500
0.61036700
0.67322200
0.65024000
0.62941400
0.54940400
0.41388600
0.24371400
0.08788100
0.00000000
0.00000000
0.00000000
0.00000000
0.00000000
0.00000000
0.00000000
0.00000000
0.00000000
0.00000000
0.00000000
0.00000000
0.00277900
0.16975900
0.37558400
0.53331300
0.64139400
0.69287700
0.70417600
0.65671900
0.56166200
0.42119600
0.24976400
0.08795500
0.00000000
0.00000000
0.00000000
0.00000000
0.00000000
0.00000000
0.00000000
0.00000000
0.00000000
0.00000000
0.00000000
0.00000000
0.00350700
0.15010400
0.35438700
0.47810500
0.58577200
0.63203300
0.63484700
0.59514800
0.51193000
0.38827200
0.23574500
0.08332100
0.00000000
0.00000000
0.00000000
0.00000000
0.00000000
0.00000000
0.00000000
0.00000000
0.00000000
0.00000000
0.00000000
0.00000000
0.00673800
0.11687900
0.33234800
0.49055100
0.58344500
0.60479800
0.60740200
0.56952100
0.48937600
0.38594900
0.23271800
0.08335600
0.00000000
0.00000000
0.00000000
0.00000000
0.00000000
0.00000000
0.00000000
0.00000000
0.00000000
0.00000000
0.00000000
0.00000000
0.00661200
0.16478000
0.35431700
0.50257500
0.60349600
0.65150300
0.63245100
0.58166500
0.52615200
0.40165000
0.23931300
0.08230000
0.00000000
0.00000000
0.00000000
0.00000000
0.00000000
0.00000000
0.00000000
0.00000000
0.00000000
0.00000000
0.00000000
0.00000000
0.01052000
0.17513200
0.36064900
0.51223100
0.62227400
0.67448200
0.67630400
0.63028400
0.53806000
0.40335700
0.23785100
0.08619200
0.00000000
0.00000000
0.00000000
0.00000000
0.00000000
0.00000000
0.00000000
0.00000000
0.00000000
0.00000000
0.00000000
0.00000000
0.00891900
0.17771200
0.36078800
0.51003200
0.61886600
0.66971300
0.62252700
0.62718700
0.53492100
0.39744600
0.23655300
0.08482600
0.00000000
0.00000000
0.00000000
0.00000000
0.00000000
0.00000000
0.00000000
0.00000000
0.00000000
0.00000000
0.00000000
0.00000000
0.01045200
0.17557000
0.36197700
0.50828100
0.60882000
0.65671900
0.64947900
0.61356200
0.53030400
0.39700400
0.23444200
0.08370100
0.00000000
0.00000000
0.00000000
0.00000000
0.00000000
0.00000000
0.00000000
0.00000000
0.00000000
0.00000000
0.00000000
0.00000000
0.01270100
0.17110400
0.34860100
0.48876900
0.57864900
0.62139900
0.63450400
0.58695800
0.51380700
0.38746400
0.23111200
0.08318400
0.00000000
0.00000000
0.00000000
0.00000000
0.00000000
0.00000000
0.00000000
0.00000000
0.00000000
0.00000000
0.00000000
0.00000000
0.01416700
0.17976400
0.35587400
0.48838700
0.57768200
0.61873600
0.61255300
0.54036300
0.40672200
0.37822700
0.22812400
0.08255400
0.00000000
0.00000000
0.00000000
0.00000000
0.00000000
0.00000000
0.00000000
0.00000000
0.00000000
0.00000000
0.00000000
0.00000000
0.00642900
0.14648800
0.33894600
0.50308500
0.56341000
0.42181100
0.41447300
0.58899800
0.34589000
0.30886200
0.21133600
0.08414200
0.00000000
0.00000000
0.00000000
0.00000000
0.00000000
0.00000000
0.00000000
0.00000000
0.00000000
0.00000000
0.00000000
0.00000000
0.01882800
0.14476500
0.37063200
0.49323400
0.59655000
0.65080900
0.65513800
0.61350300
0.52776300
0.39446000
0.23654400
0.08384500
0.00000000
0.00000000
0.00000000
0.00000000
0.00000000
0.00000000
0.00000000
0.00000000
0.00000000
0.00000000
0.00000000
0.00000000
0.01912200
0.18198700
0.35147500
0.51622900
0.60380400
0.62992000
0.63119900
0.59161800
0.50803200
0.39199500
0.23317500
0.08514000
0.00000000
0.00000000
0.00000000
0.00000000
0.00000000
0.00000000
0.00000000
0.00000000
0.00000000
0.00000000
0.00000000
0.00000000
0.02156400
0.18966700
0.37479200
0.51280500
0.59041300
0.63442500
0.62892200
0.60348800
0.52137500
0.39065900
0.20377200
0.08391500
0.00000000
0.00000000
0.00000000
0.00000000
0.00000000
0.00000000
0.00000000
0.00000000
0.00000000
0.00000000
0.00000000
0.00000000
0.02343500
0.19740300
0.38068100
0.52663300
0.61925000
0.66142000
0.64619000
0.60144800
0.51497100
0.39612000
0.23505900
0.08573100
0.00000000
0.00000000
0.00000000
0.00000000
0.00000000
0.00000000
0.00000000
0.00000000
0.00000000
0.00000000
0.00000000
0.00000000
0.02591800
0.19795000
0.37587900
0.51299800
0.60560100
0.63123400
0.62455700
0.58761700
0.50351500
0.38968800
0.23188200
0.08495700
0.00000000
0.00000000
0.00000000
0.00000000
0.00000000
0.00000000
0.00000000
0.00000000
0.00000000
0.00000000
0.00000000
0.00000000
0.02470700
0.18368000
0.35659600
0.47217500
0.55362000
0.62244400
0.61894300
0.58247600
0.49986800
0.36988800
0.23222900
0.03202700
0.00000000
0.00000000
0.00000000
0.00000000
0.00000000
0.00000000
0.00000000
0.00000000
0.00000000
0.00000000
0.00000000
0.00000000
0.01117900
0.15444100
0.34297400
0.49497500
0.60127100
0.65378400
0.65421000
0.59775100
0.50214200
0.35467700
0.18353000
0.08396300
0.00000000
0.00000000
0.00000000
0.00000000
0.00000000
0.00000000
0.00000000
0.00000000
0.00000000
0.00000000
0.00000000
0.00000000
0.02966600
0.11623500
0.26988400
0.42046800
0.56788000
0.26808400
0.45922000
0.33920500
0.22522500
0.11917300
0.05721400
0.08901600
0.00000000
0.00000000
0.00000000
0.00000000
0.00000000
0.00000000
0.00000000
0.00000000
0.00000000
0.00000000
0.00000000
0.00000000
0.03122400
0.18997200
0.38017900
0.51650400
0.59269300
0.63276600
0.63095600
0.58857800
0.50495600
0.39009100
0.23229900
0.08609800
0.00113200
0.00000000
0.00000000
0.00000000
0.00000000
0.00000000
0.00000000
0.00000000
0.00000000
0.00000000
0.00000000
0.00000000
0.01772400
0.14561300
0.25999200
0.33798000
0.62127000
0.52267700
0.38805400
0.12960000
0.49717400
0.27888400
0.22333500
0.08315900
0.00262000
0.00000000
0.00000000
0.00000000
0.00000000
0.00000000
0.00000000
0.00000000
0.00000000
0.00000000
0.00000000
0.00000000
0.03594300
0.19803500
0.37856800
0.50583700
0.59112700
0.61237200
0.60900600
0.54686200
0.47092300
0.35941300
0.22289300
0.08387700
0.00102200
0.00000000
0.00000000
0.00000000
0.00000000
0.00000000
0.00000000
0.00000000
0.00000000
0.00000000
0.00000000
0.00000000
0.01411800
0.16749500
0.23007500
0.39790100
0.33145300
0.56723300
0.55221200
0.32830400
0.30776300
0.07718800
0.07326600
0.06081900
0.00000000
0.00000000
0.00000000
0.00000000
0.00000000
0.00000000
0.00000000
0.00000000
0.00000000
0.00000000
0.00000000
0.00000000
0.03466400
0.18682100
0.36278200
0.49484700
0.59217300
0.63467000
0.64371400
0.59811100
0.51078400
0.38442500
0.22927900
0.08452700
0.00101000
0.00000000
0.00000000
0.00000000
0.00000000
0.00000000
0.00000000
0.00000000
0.00000000
0.00000000
0.00000000
0.00000000
0.03428800
0.18236900
0.34690500
0.49390000
0.57521300
0.63386600
0.63082400
0.58623000
0.50073600
0.37670300
0.22774700
0.08326100
0.00095900
0.00000000
0.00000000
0.00000000
0.00000000
0.00000000
0.00000000
0.00000000
0.00000000
0.00000000
0.00000000
0.00000000
0.03829500
0.20199300
0.36824000
0.49162600
0.57144500
0.60677900
0.60362800
0.56320300
0.49590500
0.37480300
0.22403200
0.08405200
0.00095000
0.00000000
0.00000000
0.00000000
0.00000000
0.00000000
0.00000000
0.00000000
0.00000000
0.00000000
0.00000000
0.00000000
0.04358900
0.19707100
0.35718000
0.47248900
0.56924600
0.60692400
0.60438100
0.56378600
0.49612000
0.37339200
0.22266700
0.08281700
0.00394000
0.00000000
0.00000000
0.00000000
0.00000000
0.00000000
0.00000000
0.00000000
0.00000000
0.00000000
0.00000000
0.00000000
0.03944300
0.17632400
0.34112500
0.48445500
0.57167600
0.61287100
0.62755700
0.58411200
0.49944700
0.37563100
0.22681300
0.08419600
0.00315400
0.00000000
0.00000000
0.00000000
0.00000000
0.00000000
0.00000000
0.00000000
0.00000000
0.00000000
0.00000000
0.00000000
0.04182000
0.18584200
0.36795300
0.50707700
0.59502700
0.63456300
0.63083700
0.58639800
0.50005500
0.37519000
0.22395000
0.08409500
0.00236800
0.00000000
0.00000000
0.00000000
0.00000000
0.00000000
0.00000000
0.00000000
0.00000000
0.00000000
0.00000000
0.00000000
0.04045000
0.18200400
0.34876500
0.48055900
0.55430900
0.58852800
0.58471600
0.54489900
0.46769300
0.35495800
0.21634500
0.08354200
0.00460200
0.00000000
0.00000000
0.00000000
0.00000000
0.00000000
0.00000000
0.00000000
0.00000000
0.00000000
0.00000000
0.00000000
0.03451500
0.20086400
0.34944600
0.47762200
0.55194400
0.58588800
0.58311600
0.54472700
0.47873500
0.36221100
0.21659300
0.07278100
0.00696800
0.00000000
0.00000000
0.00000000
0.00000000
0.00000000
0.00000000
0.00000000
0.00000000
0.00000000
0.00000000
0.00000000
0.04397300
0.17002600
0.33148800
0.46948300
0.54360500
0.59941000
0.59654200
0.55579100
0.48319400
0.36377800
0.21735600
0.07209900
0.00000000
0.00000000
0.00000000
0.00000000
0.00000000
0.00000000
0.00000000
0.00000000
0.00000000
0.00000000
0.00000000
0.00000000
0.03676900
0.16393200
0.32606200
0.45113600
0.53766400
0.55110900
0.52147700
0.50374300
0.43011000
0.13220100
0.17533700
0.01697500
0.00000000
0.00000000
0.00000000
0.00000000
0.00000000
0.00000000
0.00000000
0.00000000
0.00000000
0.00000000
0.00000000
0.00000000
0.02221700
0.10582700
0.20046100
0.44582200
0.53844700
0.58038200
0.57445800
0.51664300
0.38843200
0.30913200
0.20580500
0.08380100
0.00379600
0.00000000
0.00000000
0.00000000
0.00000000
0.00000000
0.00000000
0.00000000
0.00000000
0.00000000
0.00000000
0.00000000
0.05022900
0.17974000
0.34072600
0.46565200
0.53571400
0.57549800
0.56825400
0.50556900
0.38006000
0.27678200
0.20841200
0.08010700
0.00440100
0.00000000
0.00000000
0.00000000
0.00000000
0.00000000
0.00000000
0.00000000
0.00000000
0.00000000
0.00000000
0.00000000
0.04223100
0.18052300
0.34087800
0.46329200
0.53543800
0.57340000
0.54912100
0.51014300
0.43663500
0.33816000
0.20938500
0.08155100
0.00507400
0.00000000
0.00000000
0.00000000
0.00000000
0.00000000
0.00000000
0.00000000
0.00000000
0.00000000
0.00000000
0.00000000
0.03543500
0.16926600
0.32384300
0.43908000
0.52513200
0.56796100
0.56311700
0.50442500
0.43033100
0.29533400
0.20177800
0.07897700
0.00831400
0.00000000
0.00000000
0.00000000
0.00000000
0.00000000
0.00000000
0.00000000
0.00000000
0.00000000
0.00000000
0.00000000
0.03668100
0.13615900
0.27079800
0.37810700
0.42504600
0.45829500
0.53543300
0.45194900
0.34628100
0.11460800
0.10286000
0.06339000
0.00605300
0.00000000
0.00000000
0.00000000
0.00000000
0.00000000
0.00000000
0.00000000
0.00000000
0.00000000
0.00000000
0.00000000
0.04163300
0.14339600
0.33445100
0.44160100
0.53248900
0.40724200
0.57068200
0.51418900
0.44036100
0.35006600
0.14212800
0.08142100
0.00677800
0.00000000
0.00000000
0.00000000
0.00000000
0.00000000
0.00000000
0.00000000
0.00000000
0.00000000
0.00000000
0.00000000
0.03843400
0.17078800
0.33009900
0.46329000
0.54379200
0.57954900
0.57664600
0.53687800
0.46840200
0.34925300
0.21700800
0.08532100
0.00732000
0.00000000
0.00000000
0.00000000
0.00000000
0.00000000
0.00000000
0.00000000
0.00000000
0.00000000
0.00000000
0.00000000
0.04162100
0.17911400
0.34423900
0.46513200
0.55054500
0.59771400
0.59483000
0.54148100
0.47056700
0.34568700
0.21417200
0.08664200
0.00791300
0.00000000
0.00000000
0.00000000
0.00000000
0.00000000
0.00000000
0.00000000
0.00000000
0.00000000
0.00000000
0.00000000
0.04720600
0.18512200
0.33313300
0.45312600
0.54304900
0.58218200
0.58107400
0.54976500
0.46672000
0.34309400
0.21152900
0.08528500
0.00850100
0.00000000
0.00000000
0.00000000
0.00000000
0.00000000
0.00000000
0.00000000
0.00000000
0.00000000
0.00000000
0.00000000
0.04303200
0.19224100
0.33322100
0.45129400
0.52878200
0.56375700
0.56398900
0.52478500
0.45819000
0.31516800
0.21250600
0.08495500
0.00974000
0.00000000
0.00000000
0.00000000
0.00000000
0.00000000
0.00000000
0.00000000
0.00000000
0.00000000
0.00000000
0.00000000
0.04954800
0.19228300
0.33674700
0.45857700
0.52552400
0.56247100
0.56094500
0.53492400
0.45604800
0.34114700
0.21026500
0.08707300
0.01031300
0.00000000
0.00000000
0.00000000
0.00000000
0.00000000
0.00000000
0.00000000
0.00000000
0.00000000
0.00000000
0.00000000
0.05008700
0.19132800
0.32936400
0.44612700
0.52215300
0.55665200
0.55478700
0.50765100
0.43276600
0.34210600
0.14689700
0.08650700
0.00906700
0.00000000
0.00000000
0.00000000
0.00000000
0.00000000
0.00000000
0.00000000
0.00000000
0.00000000
0.00000000
0.00000000
0.04658000
0.17772500
0.32859900
0.44242200
0.51849400
0.55472100
0.55204100
0.51423000
0.43986500
0.33491800
0.21018300
0.08535700
0.00964000
0.00000000
0.00000000
0.00000000
0.00000000
0.00000000
0.00000000
0.00000000
0.00000000
0.00000000
0.00000000
0.00000000
0.02087700
0.18385500
0.32860100
0.44434200
0.52066400
0.55670000
0.55539200
0.51668000
0.44259300
0.33348400
0.21146200
0.08642500
0.01033200
0.00000000
0.00000000
0.00000000
0.00000000
0.00000000
0.00000000
0.00000000
0.00000000
0.00000000
0.00000000
0.00000000
0.05560500
0.18961000
0.32847500
0.44278700
0.51691100
0.56731500
0.56553000
0.52496300
0.44788400
0.33604600
0.20911000
0.08703300
0.01084300
0.00000000
0.00000000
0.00000000
0.00000000
0.00000000
0.00000000
0.00000000
0.00000000
0.00000000
0.00000000
0.00000000
0.02223500
0.08889300
0.26453100
0.42672300
0.49132100
0.52636500
0.54193800
0.49954300
0.39439200
0.30929600
0.20611900
0.08404900
0.00894600
0.00000000
0.00000000
0.00000000
0.00000000
0.00000000
0.00000000
0.00000000
0.00000000
0.00000000
0.00000000
0.00000000
0.04473400
0.14530100
0.26320000
0.35128300
0.42838200
0.54542600
0.55574000
0.52924800
0.40778600
0.18450100
0.09020600
0.05924300
0.00000000
0.00000000
0.00000000
0.00000000
0.00000000
0.00000000
0.00000000
0.00000000
0.00000000
0.00000000
0.00000000
0.00000000
0.05102800
0.18881500
0.33982400
0.46114900
0.54109800
0.57176400
0.56976100
0.52963700
0.45851700
0.32373700
0.21225000
0.09000600
0.01339500
0.00000000
0.00000000
0.00000000
0.00000000
0.00000000
0.00000000
0.00000000
0.00000000
0.00000000
0.00000000
0.00000000
0.05660600
0.19487100
0.34094600
0.46754400
0.55132600
0.59333700
0.59775300
0.55331100
0.46975200
0.35152700
0.21579100
0.09064500
0.01399300
0.00000000
0.00000000
0.00000000
0.00000000
0.00000000
0.00000000
0.00000000
0.00000000
0.00000000
0.00000000
0.00000000
0.05994700
0.19395200
0.32933700
0.44306800
0.51702300
0.55140600
0.54956100
0.51138300
0.43774500
0.33065700
0.20919400
0.08986000
0.01615200
0.00000000
0.00000000
0.00000000
0.00000000
0.00000000
0.00000000
0.00000000
0.00000000
0.00000000
0.00000000
0.00000000
0.05922800
0.18950900
0.31747700
0.42356000
0.49250700
0.52496500
0.52239200
0.48662900
0.41824400
0.31769400
0.20002500
0.08732100
0.01482000
0.00000000
0.00000000
0.00000000
0.00000000
0.00000000
0.00000000
0.00000000
0.00000000
0.00000000
0.00000000
0.00000000
0.05017800
0.18616700
0.32058100
0.43441500
0.45595400
0.52731000
0.49506900
0.37291100
0.33531000
0.30522700
0.20835700
0.08893700
0.01370800
0.00000000
0.00000000
0.00000000
0.00000000
0.00000000
0.00000000
0.00000000
0.00000000
0.00000000
0.00000000
0.00000000
0.05300600
0.17681100
0.31768600
0.42721700
0.51272100
0.55222600
0.56297700
0.52470500
0.45189200
0.33856300
0.21002600
0.08963300
0.01590400
0.00000000
0.00000000
0.00000000
0.00000000
0.00000000
0.00000000
0.00000000
0.00000000
0.00000000
0.00000000
0.00000000
0.05535100
0.19129400
0.33013700
0.45008300
0.52991800
0.56911500
0.57547800
0.53442000
0.45464100
0.34246700
0.21188000
0.09151800
0.01653900
0.00000000
0.00000000
0.00000000
0.00000000
0.00000000
0.00000000
0.00000000
0.00000000
0.00000000
0.00000000
0.00000000
0.05635000
0.19354100
0.33203900
0.44694600
0.52592200
0.56307700
0.55311800
0.51460700
0.44596500
0.33532000
0.20982400
0.09099100
0.01703300
0.00000000
0.00000000
0.00000000
0.00000000
0.00000000
0.00000000
0.00000000
0.00000000
0.00000000
0.00000000
0.00000000
0.04962800
0.16028400
0.29323300
0.41079900
0.49002200
0.52657300
0.53310300
0.49687800
0.42086200
0.31563100
0.20311500
0.08791300
0.01489500
0.00000000
0.00000000
0.00000000
0.00000000
0.00000000
0.00000000
0.00000000
0.00000000
0.00000000
0.00000000
0.00000000
0.05552500
0.15770800
0.28670300
0.40563400
0.49321800
0.54711800
0.53941200
0.49910100
0.42729300
0.32794700
0.20246000
0.08641700
0.01555500
0.00000000
0.00000000
0.00000000
0.00000000
0.00000000
0.00000000
0.00000000
0.00000000
0.00000000
0.00000000
0.00000000
0.04841700
0.15035700
0.27257400
0.38359100
0.46492100
0.50748100
0.51263400
0.49849300
0.42956700
0.28815400
0.04598300
0.02096800
0.01045800
0.00000000
0.00000000
0.00000000
0.00000000
0.00000000
0.00000000
0.00000000
0.00000000
0.00000000
0.00000000
0.00000000
0.05181500
0.15960000
0.30130000
0.41668000
0.50980600
0.55412600
0.55904900
0.52474300
0.45862800
0.34574600
0.21636600
0.09806300
0.02033900
0.00000000
0.00000000
0.00000000
0.00000000
0.00000000
0.00000000
0.00000000
0.00000000
0.00000000
0.00000000
0.00000000
0.05887200
0.19383500
0.33235400
0.45175700
0.52968300
0.57095100
0.57051600
0.53095000
0.45312800
0.34412100
0.21456900
0.09430700
0.01905600
0.00000000
0.00000000
0.00000000
0.00000000
0.00000000
0.00000000
0.00000000
0.00000000
0.00000000
0.00000000
0.00000000
0.05708400
0.18893000
0.32806400
0.44343000
0.51393500
0.55065500
0.53434400
0.49645900
0.41113500
0.31293300
0.19890600
0.09297700
0.01950900
0.00000000
0.00000000
0.00000000
0.00000000
0.00000000
0.00000000
0.00000000
0.00000000
0.00000000
0.00000000
0.00000000
0.05743800
0.18636800
0.31931800
0.43347400
0.49744800
0.51285500
0.51103200
0.47642100
0.40960100
0.31258400
0.20345500
0.09444700
0.02012600
0.00000000
0.00000000
0.00000000
0.00000000
0.00000000
0.00000000
0.00000000
0.00000000
0.00000000
0.00000000
0.00000000
0.04795100
0.17650700
0.31042600
0.41981700
0.47535000
0.50819300
0.47489200
0.47177300
0.35137900
0.31137100
0.19711900
0.03890800
0.01900800
0.00000000
0.00000000
0.00000000
0.00000000
0.00000000
0.00000000
0.00000000
0.00000000
0.00000000
0.00000000
0.00000000
0.05185300
0.17746100
0.30017100
0.40351900
0.47115700
0.52345000
0.52371500
0.50121000
0.42882000
0.32539900
0.20604900
0.09590600
0.02101500
0.00000000
0.00000000
0.00000000
0.00000000
0.00000000
0.00000000
0.00000000
0.00000000
0.00000000
0.00000000
0.00000000
0.05399000
0.17663700
0.30692100
0.40281700
0.47004900
0.50277100
0.50225800
0.46935100
0.41834500
0.31817600
0.20210600
0.09531900
0.02143800
0.00000000
0.00000000
0.00000000
0.00000000
0.00000000
0.00000000
0.00000000
0.00000000
0.00000000
0.00000000
0.00000000
0.05480000
0.17926600
0.31239400
0.41578900
0.46993300
0.50269900
0.52146600
0.48674800
0.41837500
0.32874800
0.09007100
0.05664000
0.00195900
0.00000000
0.00000000
0.00000000
0.00000000
0.00000000
0.00000000
0.00000000
0.00000000
0.00000000
0.00000000
0.00000000
0.04744400
0.16697700
0.21905400
0.34900800
0.45344200
0.49135700
0.48842800
0.45282400
0.40498900
0.31836600
0.20239500
0.09602200
0.02476500
0.00000000
0.00000000
0.00000000
0.00000000
0.00000000
0.00000000
0.00000000
0.00000000
0.00000000
0.00000000
0.00000000
0.05278400
0.17710100
0.30860400
0.42728800
0.49475500
0.52768100
0.52686900
0.48121600
0.43650100
0.30920000
0.20569200
0.09669100
0.02153700
0.00000000
0.00000000
0.00000000
0.00000000
0.00000000
0.00000000
0.00000000
0.00000000
0.00000000
0.00000000
0.00000000
0.05246000
0.17949700
0.31564400
0.43963600
0.50630800
0.53916600
0.50802600
0.49685800
0.41208800
0.33364800
0.18685700
0.09734600
0.02684200
0.00000000
0.00000000
0.00000000
0.00000000
0.00000000
0.00000000
0.00000000
0.00000000
0.00000000
0.00000000
0.00000000
0.03616200
0.17812400
0.31676600
0.44257400
0.52258900
0.55790100
0.56477600
0.51678500
0.44737900
0.34357000
0.21225400
0.10050100
0.02330600
0.00000000
0.00000000
0.00000000
0.00000000
0.00000000
0.00000000
0.00000000
0.00000000
0.00000000
0.00000000
0.00000000
0.02570800
0.05589100
0.09834900
0.12514100
0.18671500
0.23036800
0.30492400
0.34706900
0.35038400
0.32680800
0.22510900
0.10024700
0.02483100
0.00000000
0.00000000
0.00000000
0.00000000
0.00000000
0.00000000
0.00000000
0.00000000
0.00000000
0.00000000
0.00000000
0.05924600
0.17909500
0.32885400
0.45282600
0.53118400
0.57056300
0.57170500
0.53518000
0.43508000
0.34479300
0.18567500
0.10110100
0.02531000
0.00000000
0.00000000
0.00000000
0.00000000
0.00000000
0.00000000
0.00000000
0.00000000
0.00000000
0.00000000
0.00000000
0.00917500
0.18845000
0.19968900
0.08154100
0.10399600
0.13304300
0.16466300
0.20810500
0.29660600
0.28521600
0.18674900
0.10216200
0.02915900
0.00000000
0.00000000
0.00000000
0.00000000
0.00000000
0.00000000
0.00000000
0.00000000
0.00000000
0.00000000
0.00000000
0.04695800
0.14991700
0.30623600
0.38352200
0.49791500
0.54322700
0.52291300
0.14835400
0.26777200
0.16313400
0.11833400
0.02483000
0.00220600
0.00000000
0.00000000
0.00000000
0.00000000
0.00000000
0.00000000
0.00000000
0.00000000
0.00000000
0.00000000
0.00000000
0.05960800
0.18842000
0.32876000
0.45875200
0.53590900
0.55258100
0.51144800
0.51248400
0.24128500
0.31426900
0.15052600
0.09530600
0.01253500
0.00000000
0.00000000
0.00000000
0.00000000
0.00000000
0.00000000
0.00000000
0.00000000
0.00000000
0.00000000
0.00000000
0.04962700
0.19078800
0.31423800
0.26929300
0.24209000
0.27526200
0.33740500
0.17288200
0.09016000
0.07353000
0.05142400
0.02446400
0.00328400
0.00000000
0.00000000
0.00000000
0.00000000
0.00000000
0.00000000
0.00000000
0.00000000
0.00000000
0.00000000
0.00000000
0.02703400
0.10546800
0.15593000
0.30992900
0.24392400
0.32509400
0.36851800
0.34839600
0.43270200
0.25048100
0.18963100
0.10418200
0.02152200
0.00000000
0.00000000
0.00000000
0.00000000
0.00000000
0.00000000
0.00000000
0.00000000
0.00000000
0.00000000
0.00000000
0.01480500
0.09485000
0.13630600
0.21440200
0.21046000
0.31432200
0.29794800
0.32481700
0.27473800
0.32025600
0.22050400
0.09695300
0.02277600
0.00000000
0.00000000
0.00000000
0.00000000
0.00000000
0.00000000
0.00000000
0.00000000
0.00000000
0.00000000
0.00000000
0.05103600
0.17624500
0.31193000
0.41518900
0.50363200
0.52726500
0.55322700
0.51639400
0.45444300
0.34505600
0.22074500
0.09334300
0.02765600
0.00000000
0.00000000
0.00000000
0.00000000
0.00000000
0.00000000
0.00000000
0.00000000
0.00000000
0.00000000
0.00000000
0.05236800
0.17947400
0.31914800
0.43623200
0.51559700
0.55863700
0.55848600
0.52294900
0.45285300
0.33983000
0.21782900
0.10469100
0.02793800
0.00000000
0.00000000
0.00000000
0.00000000
0.00000000
0.00000000
0.00000000
0.00000000
0.00000000
0.00000000
0.00000000
0.05296000
0.17763100
0.31820000
0.43989000
0.52977900
0.56693500
0.56917900
0.52549100
0.45013200
0.34191900
0.21758400
0.10497200
0.02598200
0.00000000
0.00000000
0.00000000
0.00000000
0.00000000
0.00000000
0.00000000
0.00000000
0.00000000
0.00000000
0.00000000
0.05041000
0.17469900
0.31862400
0.44748400
0.52711900
0.56065600
0.56205800
0.52614300
0.45427900
0.34368400
0.21792400
0.10189800
0.02446400
0.00000000
0.00000000
0.00000000
0.00000000
0.00000000
0.00000000
0.00000000
0.00000000
0.00000000
0.00000000
0.00000000
0.04967700
0.16668000
0.30644600
0.43093300
0.51498100
0.56391600
0.55774400
0.52260600
0.45203300
0.34905800
0.21831100
0.09914200
0.02632500
0.00000000
0.00000000
0.00000000
0.00000000
0.00000000
0.00000000
0.00000000
0.00000000
0.00000000
0.00000000
0.00000000
0.04964800
0.16658000
0.30897100
0.43102700
0.51589600
0.55709200
0.51411600
0.47610300
0.37379100
0.31732600
0.20714100
0.09741400
0.02035700
0.00000000
0.00000000
0.00000000
0.00000000
0.00000000
0.00000000
0.00000000
0.00000000
0.00000000
0.00000000
0.00000000
0.05633100
0.18632400
0.32982300
0.36427100
0.52100700
0.55399400
0.53668900
0.44785400
0.47991600
0.26937200
0.19103400
0.08549400
0.02992500
0.00000000
0.00000000
0.00000000
0.00000000
0.00000000
0.00000000
0.00000000
0.00000000
0.00000000
0.00000000
0.00000000
0.02812200
0.10837400
0.22832700
0.20286900
0.48703100
0.49577800
0.43253400
0.53710800
0.37802700
0.34195900
0.21818400
0.10628900
0.02968400
0.00000000
0.00000000
0.00000000
0.00000000
0.00000000
0.00000000
0.00000000
0.00000000
0.00000000
0.00000000
0.00000000
0.05648000
0.16598400
0.26691800
0.40586400
0.46783200
0.51404500
0.49459800
0.38536900
0.45489500
0.35333300
0.11978500
0.08780300
0.01613500
0.00000000
0.00000000
0.00000000
0.00000000
0.00000000
0.00000000
0.00000000
0.00000000
0.00000000
0.00000000
0.00000000
0.03684000
0.11188100
0.20627300
0.37651600
0.47535200
0.58443700
0.53525100
0.53991200
0.34578200
0.32960200
0.19777700
0.09319600
0.01915500
0.00000000
0.00000000
0.00000000
0.00000000
0.00000000
0.00000000
0.00000000
0.00000000
0.00000000
0.00000000
0.00000000
0.04327700
0.14949000
0.28528000
0.41910900
0.49359900
0.57493100
0.50828800
0.53482600
0.41587500
0.34989600
0.20808500
0.08058000
0.00310800
0.00000000
0.00000000
0.00000000
0.00000000
0.00000000
0.00000000
0.00000000
0.00000000
0.00000000
0.00000000
0.00000000
0.03048600
0.13496900
0.25629400
0.32639700
0.47506100
0.52578900
0.54869500
0.55170200
0.47642200
0.36696900
0.22876100
0.11092500
0.02973500
0.00000000
0.00000000
0.00000000
0.00000000
0.00000000
0.00000000
0.00000000
0.00000000
0.00000000
0.00000000
0.00000000
0.04356300
0.15652600
0.28338200
0.40600200
0.48303700
0.52508800
0.52833500
0.49564400
0.41598900
0.32611900
0.20532500
0.10155900
0.02828800
0.00000000
0.00000000
0.00000000
0.00000000
0.00000000
0.00000000
0.00000000
0.00000000
0.00000000
0.00000000
0.00000000
0.04266700
0.15953000
0.29366800
0.40704100
0.47315900
0.51184600
0.48408700
0.48130200
0.40180000
0.30903400
0.20301800
0.09483900
0.00961500
0.00000000
0.00000000
0.00000000
0.00000000
0.00000000
0.00000000
0.00000000
0.00000000
0.00000000
0.00000000
0.00000000
0.04459400
0.14960500
0.29880300
0.41624400
0.49889300
0.46139400
0.43146100
0.38792400
0.32650600
0.21088100
0.16709000
0.10024000
0.02609700
0.00000000
0.00000000
0.00000000
0.00000000
0.00000000
0.00000000
0.00000000
0.00000000
0.00000000
0.00000000
0.00000000
0.04231000
0.16061400
0.29803200
0.41965700
0.51162200
0.57662700
0.58162400
0.54730600
0.47449000
0.35112700
0.20394600
0.10615300
0.03092200
0.00000000
0.00000000
0.00000000
0.00000000
0.00000000
0.00000000
0.00000000
0.00000000
0.00000000
0.00000000
0.00000000
0.04237400
0.16570800
0.30117900
0.42505900
0.50320800
0.56869100
0.57228200
0.53888000
0.44332000
0.34387100
0.22547200
0.10395100
0.02414800
0.00000000
0.00000000
0.00000000
0.00000000
0.00000000
0.00000000
0.00000000
0.00000000
0.00000000
0.00000000
0.00000000
0.04274600
0.04826800
0.09025900
0.17973100
0.29801100
0.52038300
0.55768100
0.52446200
0.31431000
0.31060900
0.20516000
0.10862000
0.00316800
0.00000000
0.00000000
0.00000000
0.00000000
0.00000000
0.00000000
0.00000000
0.00000000
0.00000000
0.00000000
0.00000000
0.01238800
0.11517300
0.10660400
0.17372700
0.19761700
0.17213400
0.14127600
0.13213600
0.21467300
0.15578100
0.22389100
0.10614000
0.02840500
0.00000000
0.00000000
0.00000000
0.00000000
0.00000000
0.00000000
0.00000000
0.00000000
0.00000000
0.00000000
0.00000000
0.03811900
0.16027300
0.27678500
0.36761600
0.25697800
0.42909000
0.35340200
0.52265600
0.45054900
0.35227400
0.21830700
0.10553400
0.01600300
0.00000000
0.00000000
0.00000000
0.00000000
0.00000000
0.00000000
0.00000000
0.00000000
0.00000000
0.00000000
0.00000000
0.03026000
0.11284600
0.23425300
0.24114900
0.22142500
0.30939000
0.47985100
0.49676600
0.44658400
0.25356400
0.21058300
0.10190800
0.00518200
0.00000000
0.00000000
0.00000000
0.00000000
0.00000000
0.00000000
0.00000000
0.00000000
0.00000000
0.00000000
0.00000000
0.01377200
0.12227800
0.25101400
0.38842400
0.50620700
0.49803800
0.58562800
0.44722800
0.45318900
0.35589600
0.20183800
0.10880600
0.02924900
0.00000000
0.00000000
0.00000000
0.00000000
0.00000000
0.00000000
0.00000000
0.00000000
0.00000000
0.00000000
0.00000000
0.01910700
0.07385400
0.14712100
0.27557600
0.36662300
0.22627900
0.47355500
0.55820800
0.48223400
0.36202600
0.22958800
0.09883400
0.02786500
0.00000000
0.00000000
0.00000000
0.00000000
0.00000000
0.00000000
0.00000000
0.00000000
0.00000000
0.00000000
0.00000000
0.02214400
0.13281700
0.23475900
0.25137500
0.29974100
0.28498500
0.36877800
0.15759800
0.10317400
0.07823900
0.08781500
0.06341900
0.00922000
0.00000000
0.00000000
0.00000000
0.00000000
0.00000000
0.00000000
0.00000000
0.00000000
0.00000000
0.00000000
0.00000000
0.03675600
0.11966000
0.14089900
0.27371500
0.42022500
0.41164100
0.54005600
0.54722800
0.37517900
0.25934600
0.16505500
0.08589200
0.00390500
0.00000000
0.00000000
0.00000000
0.00000000
0.00000000
0.00000000
0.00000000
0.00000000
0.00000000
0.00000000
0.00000000
0.03357100
0.13444600
0.26448000
0.38780100
0.32716700
0.19335900
0.27326700
0.36120900
0.45121400
0.36169500
0.22516700
0.10946500
0.02708400
0.00000000
0.00000000
0.00000000
0.00000000
0.00000000
0.00000000
0.00000000
0.00000000
0.00000000
0.00000000
0.00000000
0.03733900
0.15938400
0.30388800
0.44698400
0.52213500
0.48710200
0.57555500
0.44506900
0.43154200
0.28573000
0.22149900
0.10639900
0.02505500
0.00000000
0.00000000
0.00000000
0.00000000
0.00000000
0.00000000
0.00000000
0.00000000
0.00000000
0.00000000
0.00000000
0.04295900
0.16230600
0.29964800
0.42219000
0.50761300
0.55048900
0.55155700
0.51238000
0.38143500
0.32703700
0.21660600
0.09596500
0.00230000
0.00000000
0.00000000
0.00000000
0.00000000
0.00000000
0.00000000
0.00000000
0.00000000
0.00000000
0.00000000
0.00000000
0.02661900
0.15122400
0.29693900
0.41738200
0.51077300
0.55720000
0.56242000
0.50930200
0.40794600
0.35324100
0.22488800
0.10724100
0.02543800
0.00000000
0.00000000
0.00000000
0.00000000
0.00000000
0.00000000
0.00000000
0.00000000
0.00000000
0.00000000
0.00000000
0.03689700
0.16020500
0.30068200
0.42572900
0.51340200
0.57961600
0.58616200
0.55851900
0.45152000
0.34576400
0.22905100
0.10070700
0.02635600
0.00000000
0.00000000
0.00000000
0.00000000
0.00000000
0.00000000
0.00000000
0.00000000
0.00000000
0.00000000
0.00000000
0.03836000
0.16072500
0.30368800
0.42840100
0.51982500
0.58270700
0.58951300
0.55612100
0.45533700
0.33875600
0.21529400
0.08190500
0.02683700
0.00000000
0.00000000
0.00000000
0.00000000
0.00000000
0.00000000
0.00000000
0.00000000
0.00000000
0.00000000
0.00000000
0.01065600
0.12525500
0.25520900
0.28385900
0.47463100
0.51680800
0.50511000
0.45430700
0.40992200
0.27436400
0.20658900
0.10541400
0.01683000
0.00000000
0.00000000
0.00000000
0.00000000
0.00000000
0.00000000
0.00000000
0.00000000
0.00000000
0.00000000
0.00000000
0.03489100
0.09318800
0.16339900
0.31175200
0.50846800
0.56058700
0.46924700
0.28953900
0.44866400
0.31681900
0.22389200
0.10711600
0.02549000
0.00000000
0.00000000
0.00000000
0.00000000
0.00000000
0.00000000
0.00000000
0.00000000
0.00000000
0.00000000
0.00000000
0.03785400
0.16077100
0.29313300
0.42144500
0.49914900
0.54199400
0.54887800
0.51894300
0.36004700
0.34253900
0.21962000
0.10555200
0.02204000
0.00000000
0.00000000
0.00000000
0.00000000
0.00000000
0.00000000
0.00000000
0.00000000
0.00000000
0.00000000
0.00000000
0.03538900
0.12506500
0.28825800
0.40897800
0.49125800
0.33831300
0.34187200
0.34201500
0.33049000
0.13472400
0.11632700
0.05279000
0.01430600
0.00000000
0.00000000
0.00000000
0.00000000
0.00000000
0.00000000
0.00000000
0.00000000
0.00000000
0.00000000
0.00000000
0.03607200
0.13267600
0.28826100
0.37291100
0.49582600
0.56017100
0.56540900
0.53332800
0.46376300
0.30126700
0.21874600
0.09069900
0.01355600
0.00000000
0.00000000
0.00000000
0.00000000
0.00000000
0.00000000
0.00000000
0.00000000
0.00000000
0.00000000
0.00000000
0.02311300
0.15530200
0.20196000
0.40886300
0.45238000
0.49289300
0.42482200
0.41933800
0.43276100
0.16145100
0.21223100
0.09072600
0.00167700
0.00000000
0.00000000
0.00000000
0.00000000
0.00000000
0.00000000
0.00000000
0.00000000
0.00000000
0.00000000
0.00000000
0.01615100
0.06687100
0.13428900
0.17047000
0.25168000
0.19484800
0.26430500
0.41227600
0.22601500
0.14832300
0.16658100
0.02170800
0.00160300
0.00000000
0.00000000
0.00000000
0.00000000
0.00000000
0.00000000
0.00000000
0.00000000
0.00000000
0.00000000
0.00000000
0.01528700
0.11088800
0.19323700
0.27145900
0.38648500
0.41073100
0.27375100
0.26423200
0.34682900
0.11482000
0.11201400
0.03293900
0.01057600
0.00000000
0.00000000
0.00000000
0.00000000
0.00000000
0.00000000
0.00000000
0.00000000
0.00000000
0.00000000
0.00000000
0.02900900
0.15461400
0.21160400
0.36317800
0.51792000
0.13204200
0.18069200
0.30891600
0.46127400
0.24980300
0.16483300
0.02892100
0.00556800
0.00000000
0.00000000
0.00000000
0.00000000
0.00000000
0.00000000
0.00000000
0.00000000
0.00000000
0.00000000
0.00000000
0.01987100
0.11860400
0.29483200
0.42274000
0.24460400
0.17651800
0.12743600
0.12416900
0.14173000
0.17296100
0.19397400
0.08819900
0.01612900
0.00000000
0.00000000
0.00000000
0.00000000
0.00000000
0.00000000
0.00000000
0.00000000
0.00000000
0.00000000
0.00000000
0.02526200
0.06923800
0.09363600
0.11405000
0.14078500
0.14254100
0.20945900
0.17928900
0.24963400
0.26587500
0.20642000
0.09438200
0.01441500
0.00000000
0.00000000
0.00000000
0.00000000
0.00000000
0.00000000
0.00000000
0.00000000
0.00000000
0.00000000
0.00000000
0.01629300
0.03816300
0.05706800
0.08175100
0.09504800
0.11023200
0.11855800
0.22745700
0.23892300
0.15883300
0.10206000
0.04990000
0.00920500
0.00000000
0.00000000
0.00000000
0.00000000
0.00000000
0.00000000
0.00000000
0.00000000
0.00000000
0.00000000
0.00000000
0.03664400
0.16055000
0.31078900
0.29549900
0.47395000
0.61254600
0.43641900
0.57406800
0.36275800
0.27698200
0.05475100
0.04309500
0.00246300
0.00000000
0.00000000
0.00000000
0.00000000
0.00000000
0.00000000
0.00000000
0.00000000
0.00000000
0.00000000
0.00000000
0.00409300
0.02755600
0.05201300
0.14756100
0.28222400
0.33461500
0.14062500
0.12177400
0.16287600
0.21591200
0.22091800
0.02560500
0.00250100
0.00000000
0.00000000
0.00000000
0.00000000
0.00000000
0.00000000
0.00000000
0.00000000
0.00000000
0.00000000
0.00000000
0.01500000
0.06563400
0.14298600
0.17481200
0.14784100
0.23552300
0.30911200
0.46719300
0.28863900
0.17909200
0.15974700
0.07611700
0.00472800
0.00000000
0.00000000
0.00000000
0.00000000
0.00000000
0.00000000
0.00000000
0.00000000
0.00000000
0.00000000
0.00000000
0.01564500
0.12367900
0.21430000
0.25967300
0.28534000
0.36029100
0.43680300
0.37104400
0.41786500
0.22687200
0.12860300
0.10109300
0.00171300
0.00000000
0.00000000
0.00000000
0.00000000
0.00000000
0.00000000
0.00000000
0.00000000
0.00000000
0.00000000
0.00000000
0.03342900
0.05248500
0.29651900
0.43348300
0.56306200
0.60669900
0.61086800
0.54964400
0.22300500
0.39227500
0.24100900
0.09417400
0.01678400
0.00000000
0.00000000
0.00000000
0.00000000
0.00000000
0.00000000
0.00000000
0.00000000
0.00000000
0.00000000
0.00000000
0.03417600
0.17983400
0.34492900
0.47347300
0.54533000
0.36024500
0.61247800
0.55246900
0.47081200
0.34659200
0.23375000
0.10041900
0.02095600
0.00000000
0.00000000
0.00000000
0.00000000
0.00000000
0.00000000
0.00000000
0.00000000
0.00000000
0.00000000
0.00000000
0.03158700
0.18243400
0.35084000
0.46736400
0.58075700
0.62898800
0.60910800
0.58597800
0.47306500
0.38823000
0.24094200
0.10459200
0.00914400
0.00000000
0.00000000
0.00000000
0.00000000
0.00000000
0.00000000
0.00000000
0.00000000
0.00000000
0.00000000
0.00000000
0.03269600
0.18388600
0.35490600
0.49212600
0.58835900
0.63657700
0.56712200
0.58723600
0.51733800
0.39260900
0.23384400
0.09640000
0.01875400
0.00000000
0.00000000
0.00000000
0.00000000
0.00000000
0.00000000
0.00000000
0.00000000
0.00000000
0.00000000
0.00000000
0.03442600
0.14012400
0.32774400
0.44783300
0.46096800
0.24455000
0.65087300
0.33322300
0.33158200
0.30131400
0.24308100
0.10381600
0.00094400
0.00000000
0.00000000
0.00000000
0.00000000
0.00000000
0.00000000
0.00000000
0.00000000
0.00000000
0.00000000
0.00000000
0.03734200
0.17324700
0.33580300
0.45769700
0.54158400
0.54648200
0.58924400
0.55370300
0.46946200
0.36292700
0.23235000
0.09184300
0.01629900
0.00000000
0.00000000
0.00000000
0.00000000
0.00000000
0.00000000
0.00000000
0.00000000
0.00000000
0.00000000
0.00000000
0.02539600
0.14899500
0.23975600
0.44705300
0.48635900
0.63277000
0.61608800
0.55538500
0.49247100
0.35882800
0.23822500
0.09347100
0.01033100
0.00000000
0.00000000
0.00000000
0.00000000
0.00000000
0.00000000
0.00000000
0.00000000
0.00000000
0.00000000
0.00000000
0.02937900
0.05425900
0.09754700
0.17504200
0.25040500
0.31339000
0.27862200
0.29205200
0.23925300
0.24502400
0.16394500
0.09500000
0.01630300
0.00000000
0.00000000
0.00000000
0.00000000
0.00000000
0.00000000
0.00000000
0.00000000
0.00000000
0.00000000
0.00000000
0.02627100
0.08941600
0.14947300
0.30932700
0.28895200
0.32838100
0.56094900
0.57155300
0.21967400
0.17248700
0.08639200
0.02277400
0.00020900
0.00000000
0.00000000
0.00000000
0.00000000
0.00000000
0.00000000
0.00000000
0.00000000
0.00000000
0.00000000
0.00000000
0.03218700
0.13362400
0.23048400
0.37023600
0.52397100
0.38335200
0.44144400
0.40651500
0.44992800
0.31873100
0.20253200
0.09365000
0.00836800
0.00000000
0.00000000
0.00000000
0.00000000
0.00000000
0.00000000
0.00000000
0.00000000
0.00000000
0.00000000
0.00000000
0.03205200
0.16055900
0.32933900
0.48781000
0.57056100
0.59050100
0.60384300
0.55590300
0.37040600
0.38869600
0.14609100
0.07655000
0.01087500
0.00000000
0.00000000
0.00000000
0.00000000
0.00000000
0.00000000
0.00000000
0.00000000
0.00000000
0.00000000
0.00000000
0.02646300
0.15976500
0.33423000
0.49161700
0.58236300
0.62741800
0.63113100
0.59173300
0.50951200
0.33946300
0.23412500
0.08903700
0.00760000
0.00000000
0.00000000
0.00000000
0.00000000
0.00000000
0.00000000
0.00000000
0.00000000
0.00000000
0.00000000
0.00000000
0.02568600
0.15514100
0.32337400
0.48186900
0.58499100
0.63013800
0.63261600
0.59200600
0.50954400
0.38269500
0.21276200
0.07958200
0.00815200
0.00000000
0.00000000
0.00000000
0.00000000
0.00000000
0.00000000
0.00000000
0.00000000
0.00000000
0.00000000
0.00000000
0.02410800
0.15381500
0.32201800
0.47983700
0.56605100
0.62801300
0.63021800
0.59092400
0.49659700
0.37208500
0.22255400
0.08994000
0.00000000
0.00000000
0.00000000
0.00000000
0.00000000
0.00000000
0.00000000
0.00000000
0.00000000
0.00000000
0.00000000
0.00000000
0.03006000
0.13583600
0.11285000
0.11762400
0.17475500
0.16655300
0.17958900
0.27064800
0.48707300
0.32113600
0.23471900
0.07856800
0.00000000
0.00000000
0.00000000
0.00000000
0.00000000
0.00000000
0.00000000
0.00000000
0.00000000
0.00000000
0.00000000
0.00000000
0.03011500
0.17377500
0.34837100
0.41298800
0.51176100
0.38146200
0.61687400
0.37883300
0.48480900
0.38934100
0.22269400
0.09616800
0.00000000
0.00000000
0.00000000
0.00000000
0.00000000
0.00000000
0.00000000
0.00000000
0.00000000
0.00000000
0.00000000
0.00000000
0.02927400
0.17620600
0.34367500
0.42425300
0.59151300
0.52101600
0.62805200
0.44284500
0.51985800
0.36345100
0.23649100
0.08844700
0.00664600
0.00000000
0.00000000
0.00000000
0.00000000
0.00000000
0.00000000
0.00000000
0.00000000
0.00000000
0.00000000
0.00000000
0.02507600
0.14803200
0.27577700
0.33056600
0.47531800
0.61389100
0.40747600
0.52084400
0.45650000
0.35212200
0.22622900
0.09364200
0.00744600
0.00000000
0.00000000
0.00000000
0.00000000
0.00000000
0.00000000
0.00000000
0.00000000
0.00000000
0.00000000
0.00000000
0.02707600
0.17797000
0.34433700
0.43461000
0.50382400
0.47371200
0.60468400
0.56222600
0.48409700
0.36558600
0.20521700
0.06913800
0.00741300
0.00000000
0.00000000
0.00000000
0.00000000
0.00000000
0.00000000
0.00000000
0.00000000
0.00000000
0.00000000
0.00000000
0.02416200
0.17546700
0.34410200
0.47085900
0.51816800
0.54911000
0.47410800
0.38024600
0.35076400
0.33573000
0.05539600
0.07335600
0.00000000
0.00000000
0.00000000
0.00000000
0.00000000
0.00000000
0.00000000
0.00000000
0.00000000
0.00000000
0.00000000
0.00000000
0.02336300
0.16761900
0.32639800
0.36062200
0.48634900
0.44553000
0.56942600
0.21615900
0.09690100
0.07254100
0.06761500
0.04936800
0.00000000
0.00000000
0.00000000
0.00000000
0.00000000
0.00000000
0.00000000
0.00000000
0.00000000
0.00000000
0.00000000
0.00000000
0.01492800
0.16989600
0.34537700
0.47299500
0.55679700
0.59871900
0.58162100
0.51992700
0.44547000
0.37910700
0.22033600
0.07944700
0.00000000
0.00000000
0.00000000
0.00000000
0.00000000
0.00000000
0.00000000
0.00000000
0.00000000
0.00000000
0.00000000
0.00000000
0.01028800
0.14274400
0.33944500
0.31322800
0.39274400
0.52371000
0.60344400
0.56200800
0.48319700
0.07950300
0.07411600
0.07786100
0.00000000
0.00000000
0.00000000
0.00000000
0.00000000
0.00000000
0.00000000
0.00000000
0.00000000
0.00000000
0.00000000
0.00000000
0.01801100
0.06955900
0.20068400
0.44069300
0.58704400
0.64242800
0.62709400
0.58553000
0.50149100
0.37208600
0.21155200
0.07497600
0.00000000
0.00000000
0.00000000
0.00000000
0.00000000
0.00000000
0.00000000
0.00000000
0.00000000
0.00000000
0.00000000
0.00000000
0.01954900
0.09191100
0.23854200
0.33334800
0.45287800
0.52558200
0.40778500
0.59105700
0.45726600
0.36635900
0.20160800
0.08630300
0.00000000
0.00000000
0.00000000
0.00000000
0.00000000
0.00000000
0.00000000
0.00000000
0.00000000
0.00000000
0.00000000
0.00000000
0.02303900
0.16852100
0.32179700
0.49095700
0.58250200
0.41755600
0.64674000
0.49097800
0.44148100
0.31170800
0.11732600
0.06027300
0.00000000
0.00000000
0.00000000
0.00000000
0.00000000
0.00000000
0.00000000
0.00000000
0.00000000
0.00000000
0.00000000
0.00000000
0.02507600
0.16789000
0.33233000
0.31689600
0.30978500
0.26149300
0.37819900
0.29531300
0.26759200
0.18345400
0.14638600
0.02862700
0.00000000
0.00000000
0.00000000
0.00000000
0.00000000
0.00000000
0.00000000
0.00000000
0.00000000
0.00000000
0.00000000
0.00000000
0.02504800
0.18468900
0.36551000
0.50148600
0.58992600
0.63280600
0.61100200
0.57901400
0.51641500
0.38423000
0.22276100
0.07807800
0.00000000
0.00000000
0.00000000
0.00000000
0.00000000
0.00000000
0.00000000
0.00000000
0.00000000
0.00000000
0.00000000
0.00000000
0.02422100
0.18825800
0.37426800
0.51498400
0.60564800
0.64971000
0.64903300
0.60436100
0.51490400
0.38362800
0.22183900
0.07688300
0.00000000
0.00000000
0.00000000
0.00000000
0.00000000
0.00000000
0.00000000
0.00000000
0.00000000
0.00000000
0.00000000
0.00000000
0.02036000
0.18812700
0.37398200
0.51524400
0.60561300
0.64893700
0.64806300
0.60210100
0.51312800
0.38075700
0.21675500
0.07549000
0.00000000
0.00000000
0.00000000
0.00000000
0.00000000
0.00000000
0.00000000
0.00000000
0.00000000
0.00000000
0.00000000
0.00000000
0.02165900
0.18049500
0.36258500
0.49765900
0.58514700
0.62729400
0.64394900
0.59926900
0.48715800
0.37853600
0.21100200
0.07089000
0.00000000
0.00000000
0.00000000
0.00000000
0.00000000
0.00000000
0.00000000
0.00000000
0.00000000
0.00000000
0.00000000
0.00000000
0.01994200
0.18498900
0.36787100
0.51408800
0.60585600
0.65022000
0.65057500
0.60574600
0.50328100
0.33887100
0.19829100
0.07233400
0.00000000
0.00000000
0.00000000
0.00000000
0.00000000
0.00000000
0.00000000
0.00000000
0.00000000
0.00000000
0.00000000
0.00000000
0.01919900
0.06650400
0.24105100
0.49599000
0.56252300
0.62921900
0.63823600
0.59487900
0.50703600
0.36497200
0.21019200
0.07129300
0.00000000
0.00000000
0.00000000
0.00000000
0.00000000
0.00000000
0.00000000
0.00000000
0.00000000
0.00000000
0.00000000
0.00000000
0.00734800
0.15670100
0.17363200
0.51672900
0.47425400
0.62076800
0.61316400
0.57003100
0.48704100
0.36418900
0.20841800
0.06734000
0.00000000
0.00000000
0.00000000
0.00000000
0.00000000
0.00000000
0.00000000
0.00000000
0.00000000
0.00000000
0.00000000
0.00000000
0.01821900
0.18534100
0.36878600
0.50602900
0.59377800
0.62587300
0.36726700
0.37143900
0.50550800
0.30526400
0.21239300
0.06938200
0.00000000
0.00000000
0.00000000
0.00000000
0.00000000
0.00000000
0.00000000
0.00000000
0.00000000
0.00000000
0.00000000
0.00000000
0.01436200
0.17434300
0.28651300
0.48638700
0.60034200
0.63976500
0.63450100
0.58835400
0.49862000
0.37009600
0.20932700
0.06903700
0.00000000
0.00000000
0.00000000
0.00000000
0.00000000
0.00000000
0.00000000
0.00000000
0.00000000
0.00000000
0.00000000
0.00000000
0.01602600
0.18803200
0.35065000
0.49156900
0.57350000
0.63462800
0.63119500
0.57519200
0.26178700
0.37106300
0.20748900
0.06704200
0.00000000
0.00000000
0.00000000
0.00000000
0.00000000
0.00000000
0.00000000
0.00000000
0.00000000
0.00000000
0.00000000
0.00000000
0.01264700
0.14552500
0.36196400
0.50386100
0.59136600
0.61722600
0.46994600
0.47319000
0.33965100
0.06656600
0.03879800
0.02057500
0.00000000
0.00000000
0.00000000
0.00000000
0.00000000
0.00000000
0.00000000
0.00000000
0.00000000
0.00000000
0.00000000
0.00000000
0.01659600
0.14465600
0.36564300
0.50159400
0.58824300
0.59710100
0.62890600
0.52137700
0.47728700
0.35240000
0.11301900
0.02547600
0.00000000
0.00000000
0.00000000
0.00000000
0.00000000
0.00000000
0.00000000
0.00000000
0.00000000
0.00000000
0.00000000
0.00000000
0.01032300
0.18527900
0.36702800
0.50409200
0.59128500
0.63330100
0.63018000
0.45996500
0.41378600
0.30321700
0.08706200
0.04331000
0.00000000
0.00000000
0.00000000
0.00000000
0.00000000
0.00000000
0.00000000
0.00000000
0.00000000
0.00000000
0.00000000
0.00000000
0.01184800
0.18693100
0.37470100
0.51939900
0.61222500
0.63432300
0.56051100
0.49567800
0.40082800
0.22229700
0.08169300
0.05957000
0.00000000
0.00000000
0.00000000
0.00000000
0.00000000
0.00000000
0.00000000
0.00000000
0.00000000
0.00000000
0.00000000
0.00000000
0.01113500
0.18080400
0.36673400
0.43414400
0.55113200
0.13406700
0.09751600
0.28564500
0.48092600
0.27609900
0.18262500
0.06156000
0.00000000
0.00000000
0.00000000
0.00000000
0.00000000
0.00000000
0.00000000
0.00000000
0.00000000
0.00000000
0.00000000
0.00000000
0.01272100
0.07875500
0.30675500
0.48954900
0.56333300
0.61616100
0.60013800
0.58725400
0.49398900
0.36179900
0.19969000
0.05753100
0.00000000
0.00000000
0.00000000
0.00000000
0.00000000
0.00000000
0.00000000
0.00000000
0.00000000
0.00000000
0.00000000
0.00000000
0.00960800
0.03323900
0.27197400
0.49052100
0.59601700
0.53988900
0.58438400
0.47229100
0.47800500
0.34569500
0.06415700
0.00862500
0.00000000
0.00000000
0.00000000
0.00000000
0.00000000
0.00000000
0.00000000
0.00000000
0.00000000
0.00000000
0.00000000
0.00000000
0.00883100
0.08285400
0.14579400
0.25899100
0.37495300
0.25225200
0.22763700
0.15420400
0.09632000
0.11353200
0.05110700
0.00867600
0.00000000
0.00000000
0.00000000
0.00000000
0.00000000
0.00000000
0.00000000
0.00000000
0.00000000
0.00000000
0.00000000
0.00000000
0.00191900
0.06797000
0.14368400
0.17249700
0.13981600
0.15311500
0.17675600
0.19781800
0.11260900
0.15942000
0.05506400
0.00803900
0.00000000
0.00000000
0.00000000
0.00000000
0.00000000
0.00000000
0.00000000
0.00000000
0.00000000
0.00000000
0.00000000
0.00000000
0.00494400
0.04935300
0.19462300
0.33966200
0.28321700
0.42462600
0.42077300
0.38781200
0.22062200
0.34373800
0.07083300
0.02502700
0.00000000
0.00000000
0.00000000
0.00000000
0.00000000
0.00000000
0.00000000
0.00000000
0.00000000
0.00000000
0.00000000
0.00000000
0.00576600
0.02657700
0.14846500
0.18936000
0.20729700
0.26436200
0.31538200
0.14301400
0.24473000
0.29775800
0.17700700
0.05147500
0.00000000
0.00000000
0.00000000
0.00000000
0.00000000
0.00000000
0.00000000
0.00000000
0.00000000
0.00000000
0.00000000
0.00000000
0.00506300
0.18277200
0.32752100
0.46091100
0.60547300
0.64334500
0.63787900
0.58811600
0.38388600
0.29340600
0.19579900
0.04891700
0.00000000
0.00000000
0.00000000
0.00000000
0.00000000
0.00000000
0.00000000
0.00000000
0.00000000
0.00000000
0.00000000
0.00000000
0.00428300
0.13619200
0.37066200
0.46959800
0.60245400
0.65998200
0.65411700
0.60161000
0.50171300
0.36082600
0.19228100
0.04935100
0.00000000
0.00000000
0.00000000
0.00000000
0.00000000
0.00000000
0.00000000
0.00000000
0.00000000
0.00000000
0.00000000
0.00000000
0.00591400
0.18633000
0.38346300
0.54084700
0.63108700
0.67032800
0.66228300
0.60848800
0.50757500
0.36527300
0.19010300
0.04680700
0.00000000
0.00000000
0.00000000
0.00000000
0.00000000
0.00000000
0.00000000
0.00000000
0.00000000
0.00000000
0.00000000
0.00000000
0.00511000
0.16991400
0.37528800
0.51334400
0.63147400
0.67011400
0.64841900
0.60742000
0.50521400
0.35185800
0.17126500
0.04208600
0.00000000
0.00000000
0.00000000
0.00000000
0.00000000
0.00000000
0.00000000
0.00000000
0.00000000
0.00000000
0.00000000
0.00000000
0.00435400
0.17025000
0.38383500
0.53307600
0.62556600
0.67945000
0.66918000
0.61169100
0.50690900
0.36050000
0.18306600
0.04128600
0.00000000
0.00000000
0.00000000
0.00000000
0.00000000
0.00000000
0.00000000
0.00000000
0.00000000
0.00000000
0.00000000
0.00000000
0.00354500
0.17231500
0.37385000
0.53261500
0.62215300
0.66207600
0.65430200
0.61047500
0.49898200
0.33676500
0.17339600
0.03870800
0.00000000
0.00000000
0.00000000
0.00000000
0.00000000
0.00000000
0.00000000
0.00000000
0.00000000
0.00000000
0.00000000
0.00000000
0.00273800
0.17131000
0.37849200
0.52951500
0.62179600
0.65968700
0.65139900
0.57023700
0.42317000
0.32568700
0.17577700
0.03495000
0.00000000
0.00000000
0.00000000
0.00000000
0.00000000
0.00000000
0.00000000
0.00000000
0.00000000
0.00000000
0.00000000
0.00000000
0.00194500
0.16946400
0.37589700
0.51358900
0.60091600
0.63036200
0.51966300
0.45712400
0.41403300
0.29132500
0.16334200
0.03131700
0.00000000
0.00000000
0.00000000
0.00000000
0.00000000
0.00000000
0.00000000
0.00000000
0.00000000
0.00000000
0.00000000
0.00000000
0.00119000
0.14692800
0.34698400
0.47638300
0.51845500
0.55351300
0.49616000
0.48652100
0.18478400
0.30843700
0.16831800
0.02909700
0.00000000
0.00000000
0.00000000
0.00000000
0.00000000
0.00000000
0.00000000
0.00000000
0.00000000
0.00000000
0.00000000
0.00000000
0.00033000
0.17200500
0.35770600
0.49173700
0.57735700
0.53213400
0.57865100
0.53817300
0.42786000
0.23054000
0.16811900
0.02801200
0.00000000
0.00000000
0.00000000
0.00000000
0.00000000
0.00000000
0.00000000
0.00000000
0.00000000
0.00000000
0.00000000
0.00000000
0.00000000
0.16879000
0.35535600
0.49956300
0.57669500
0.61771300
0.61138700
0.55908000
0.46442000
0.32525800
0.16970600
0.02731700
0.00000000
0.00000000
0.00000000
0.00000000
0.00000000
0.00000000
0.00000000
0.00000000
0.00000000
0.00000000
0.00000000
0.00000000
0.00000000
0.16916400
0.36282400
0.50356700
0.59360900
0.63536200
0.62807400
0.49260400
0.47496200
0.29155900
0.16734700
0.02418700
0.00000000
0.00000000
0.00000000
0.00000000
0.00000000
0.00000000
0.00000000
0.00000000
0.00000000
0.00000000
0.00000000
0.00000000
0.00000000
0.16463800
0.35136000
0.48849900
0.28277000
0.49291500
0.28670300
0.16962100
0.16430900
0.06048300
0.03057000
0.00177400
0.00000000
0.00000000
0.00000000
0.00000000
0.00000000
0.00000000
0.00000000
0.00000000
0.00000000
0.00000000
0.00000000
0.00000000
0.00000000
0.04899700
0.27516400
0.27158000
0.40339100
0.23122100
0.25571000
0.23752600
0.13877100
0.10632300
0.02771400
0.00106300
0.00000000
0.00000000
0.00000000
0.00000000
0.00000000
0.00000000
0.00000000
0.00000000
0.00000000
0.00000000
0.00000000
0.00000000
0.00000000
0.10695600
0.29237600
0.50334500
0.24865000
0.21268800
0.39650600
0.45159100
0.46406500
0.32572200
0.17039700
0.01622600
0.00000000
0.00000000
0.00000000
0.00000000
0.00000000
0.00000000
0.00000000
0.00000000
0.00000000
0.00000000
0.00000000
0.00000000
0.00000000
0.15454500
0.35883400
0.49901100
0.60090600
0.64524400
0.63644600
0.58037000
0.47863300
0.33064900
0.16682700
0.01620300
0.00000000
0.00000000
0.00000000
0.00000000
0.00000000
0.00000000
0.00000000
0.00000000
0.00000000
0.00000000
0.00000000
0.00000000
0.00000000
0.15284500
0.36588000
0.50221400
0.58777900
0.62616600
0.61577300
0.56205000
0.46393500
0.32131400
0.16740100
0.01102500
0.00000000
0.00000000
0.00000000
0.00000000
0.00000000
0.00000000
0.00000000
0.00000000
0.00000000
0.00000000
0.00000000
0.00000000
0.00000000
0.14867800
0.35948900
0.49028800
0.59178300
0.62960700
0.61841900
0.56449900
0.46689500
0.32489900
0.16623300
0.01194700
0.00000000
0.00000000
0.00000000
0.00000000
0.00000000
0.00000000
0.00000000
0.00000000
0.00000000
0.00000000
0.00000000
0.00000000
0.00000000
0.14873600
0.36061200
0.49755100
0.57903600
0.60953600
0.59742600
0.54555700
0.45135900
0.25668400
0.16039300
0.00953600
0.00000000
0.00000000
0.00000000
0.00000000
0.00000000
0.00000000
0.00000000
0.00000000
0.00000000
0.00000000
0.00000000
0.00000000
0.00000000
0.15103400
0.35866600
0.49547100
0.57430000
0.60525300
0.59353600
0.54125900
0.44798900
0.31120600
0.15786800
0.00706500
0.00000000
0.00000000
0.00000000
0.00000000
0.00000000
0.00000000
0.00000000
0.00000000
0.00000000
0.00000000
0.00000000
0.00000000
0.00000000
0.14982600
0.35828700
0.49329500
0.57278600
0.61123300
0.59945900
0.54701100
0.44977000
0.30953800
0.15119500
0.00579700
0.00000000
0.00000000
0.00000000
0.00000000
0.00000000
0.00000000
0.00000000
0.00000000
0.00000000
0.00000000
0.00000000
0.00000000
0.00000000
0.14240400
0.35820200
0.49269900
0.59371800
0.63289700
0.59723600
0.54415000
0.44937300
0.30969200
0.15416500
0.00351800
0.00000000
0.00000000
0.00000000
0.00000000
0.00000000
0.00000000
0.00000000
0.00000000
0.00000000
0.00000000
0.00000000
0.00000000
0.00000000
0.13937900
0.36411300
0.49205500
0.59081400
0.62473700
0.61421100
0.55778700
0.45832500
0.30532500
0.14738700
0.00190900
0.00000000
0.00000000
0.00000000
0.00000000
0.00000000
0.00000000
0.00000000
0.00000000
0.00000000
0.00000000
0.00000000
0.00000000
0.00000000
0.14922500
0.31393000
0.48488900
0.56597000
0.62523000
0.61528100
0.55957000
0.45964400
0.31369300
0.15216500
0.00039200
0.00000000
0.00000000
0.00000000
0.00000000
0.00000000
0.00000000
0.00000000
0.00000000
0.00000000
0.00000000
0.00000000
0.00000000
0.00000000
0.13539200
0.35355700
0.50654300
0.59003800
0.55810100
0.47389100
0.43369400
0.40679100
0.31074500
0.15561300
0.00000000
0.00000000
0.00000000
0.00000000
0.00000000
0.00000000
0.00000000
0.00000000
0.00000000
0.00000000
0.00000000
0.00000000
0.00000000
0.00000000
0.13354300
0.35814900
0.50644100
0.60674600
0.64751700
0.63592700
0.57682900
0.46677300
0.31578000
0.13681600
0.00000000
0.00000000
0.00000000
0.00000000
0.00000000
0.00000000
0.00000000
0.00000000
0.00000000
0.00000000
0.00000000
0.00000000
0.00000000
0.00000000
0.12208800
0.33884100
0.49785400
0.57985500
0.62358700
0.63414100
0.57506100
0.45495500
0.30733200
0.14071400
0.00000000
0.00000000
0.00000000
0.00000000
0.00000000
0.00000000
0.00000000
0.00000000
0.00000000
0.00000000
0.00000000
0.00000000
0.00000000
0.00000000
0.11942700
0.32424100
0.47972900
0.56174500
0.61580000
0.60744900
0.54901400
0.45491700
0.30729400
0.13846000
0.00000000
0.00000000
0.00000000
0.00000000
0.00000000
0.00000000
0.00000000
0.00000000
0.00000000
0.00000000
0.00000000
0.00000000
0.00000000
0.00000000
0.12375300
0.34101400
0.49811800
0.58709500
0.63695700
0.63208300
0.57179200
0.46210300
0.31021600
0.14222100
0.00000000
0.00000000
0.00000000
0.00000000
0.00000000
0.00000000
0.00000000
0.00000000
0.00000000
0.00000000
0.00000000
0.00000000
0.00000000
0.00000000
0.12119000
0.34470200
0.50234700
0.58458700
0.63387500
0.62873400
0.57010400
0.46021500
0.30828400
0.13859400
0.00000000
0.00000000
0.00000000
0.00000000
0.00000000
0.00000000
0.00000000
0.00000000
0.00000000
0.00000000
0.00000000
0.00000000
0.00000000
0.00000000
0.12686000
0.34420600
0.49329200
0.57784100
0.62948000
0.62405700
0.56577300
0.45304900
0.30143100
0.13732500
0.00000000
0.00000000
0.00000000
0.00000000
0.00000000
0.00000000
0.00000000
0.00000000
0.00000000
0.00000000
0.00000000
0.00000000
0.00000000
0.00000000
0.11609000
0.34482100
0.51287900
0.59966700
0.64548200
0.62751100
0.57536400
0.46665100
0.30751300
0.13946600
0.00000000
0.00000000
0.00000000
0.00000000
0.00000000
0.00000000
0.00000000
0.00000000
0.00000000
0.00000000
0.00000000
0.00000000
0.00000000
0.00000000
0.10682000
0.25926000
0.45536300
0.57233700
0.61578800
0.59237300
0.56519800
0.45836900
0.29755500
0.13716000
0.00000000
0.00000000
0.00000000
0.00000000
0.00000000
0.00000000
0.00000000
0.00000000
0.00000000
0.00000000
0.00000000
0.00000000
0.00000000
0.00000000
0.11075900
0.32895100
0.47478500
0.57191300
0.60761700
0.59369300
0.55359500
0.44928500
0.29789400
0.13352500
0.00000000
0.00000000
0.00000000
0.00000000
0.00000000
0.00000000
0.00000000
0.00000000
0.00000000
0.00000000
0.00000000
0.00000000
0.00000000
0.00000000
0.11401400
0.33351600
0.47932600
0.57439500
0.62585700
0.61332600
0.55760100
0.45099500
0.29592800
0.13091200
0.00000000
0.00000000
0.00000000
0.00000000
0.00000000
0.00000000
0.00000000
0.00000000
0.00000000
0.00000000
0.00000000
0.00000000
0.00000000
0.00000000
0.11107000
0.33812000
0.49506400
0.58962300
0.62349400
0.62629000
0.56236500
0.44886000
0.29557900
0.13451100
0.00000000
0.00000000
0.00000000
0.00000000
0.00000000
0.00000000
0.00000000
0.00000000
0.00000000
0.00000000
0.00000000
0.00000000
0.00000000
0.00000000
0.10871600
0.31694900
0.47345000
0.55816300
0.59283700
0.58510900
0.53786400
0.43628300
0.28912000
0.12646500
0.00000000
0.00000000
0.00000000
0.00000000
0.00000000
0.00000000
0.00000000
0.00000000
0.00000000
0.00000000
0.00000000
0.00000000
0.00000000
0.00000000
0.10583400
0.31792400
0.47797300
0.56766300
0.61918000
0.61040700
0.55781100
0.44609400
0.28732000
0.13105600
0.00000000
0.00000000
0.00000000
0.00000000
0.00000000
0.00000000
0.00000000
0.00000000
0.00000000
0.00000000
0.00000000
0.00000000
0.00000000
0.00000000
0.10898100
0.33709500
0.49291700
0.58727000
0.63491400
0.62164500
0.56200300
0.45128600
0.28737600
0.12844600
0.00000000
0.00000000
0.00000000
0.00000000
0.00000000
0.00000000
0.00000000
0.00000000
0.00000000
0.00000000
0.00000000
0.00000000
0.00000000
0.00000000
0.10666800
0.32876200
0.48267500
0.57734600
0.61576900
0.60191400
0.54615700
0.43503200
0.28578800
0.13170300
0.00000000
0.00000000
0.00000000
0.00000000
0.00000000
0.00000000
0.00000000
0.00000000
0.00000000
0.00000000
0.00000000
0.00000000
0.00000000
0.00000000
0.08355800
0.26831500
0.41802700
0.52215300
0.55984200
0.55482000
0.49373400
0.39476500
0.26929000
0.11305000
0.00000000
0.00000000
0.00000000
0.00000000
0.00000000
0.00000000
0.00000000
0.00000000
0.00000000
0.00000000
0.00000000
0.00000000
0.00000000
0.00000000
0.09081500
0.29767300
0.45531600
0.53535400
0.56975000
0.58025700
0.52378700
0.41707200
0.27576500
0.13015800
0.00000000
0.00000000
0.00000000
0.00000000
0.00000000
0.00000000
0.00000000
0.00000000
0.00000000
0.00000000
0.00000000
0.00000000
0.00000000
0.00000000
0.08334200
0.29991200
0.44434100
0.52923200
0.56339900
0.57269300
0.51560700
0.41082400
0.27396500
0.13000500
0.00000000
0.00000000
0.00000000
0.00000000
0.00000000
0.00000000
0.00000000
0.00000000
0.00000000
0.00000000
0.00000000
0.00000000
0.00000000
0.00000000
0.07537600
0.25496900
0.40879700
0.50233800
0.58006000
0.59752900
0.53732900
0.42381500
0.27648700
0.12285600
0.00000000
0.00000000
0.00000000
0.00000000
0.00000000
0.00000000
0.00000000
0.00000000
0.00000000
0.00000000
0.00000000
0.00000000
0.00000000
0.00000000
0.08295500
0.29404100
0.46131800
0.56217700
0.60688600
0.60525700
0.54229100
0.42700400
0.27603800
0.12781000
0.00000000
0.00000000
0.00000000
0.00000000
0.00000000
0.00000000
0.00000000
0.00000000
0.00000000
0.00000000
0.00000000
0.00000000
0.00000000
0.00000000
0.07898200
0.26535700
0.41796300
0.51891700
0.55960100
0.57324300
0.51736500
0.41105200
0.26928000
0.12395700
0.00000000
0.00000000
0.00000000
0.00000000
0.00000000
0.00000000
0.00000000
0.00000000
0.00000000
0.00000000
0.00000000
0.00000000
0.00000000
0.00000000
0.04553900
0.28853700
0.40310400
0.52050100
0.58034800
0.41285000
0.51477000
0.39907200
0.24151000
0.04298600
0.00000000
0.00000000
0.00000000
0.00000000
0.00000000
0.00000000
0.00000000
0.00000000
0.00000000
0.00000000
0.00000000
0.00000000
0.00000000
0.00000000
0.07454700
0.28151500
0.42220900
0.51639900
0.55456400
0.54545500
0.50966900
0.40642800
0.26748800
0.11796800
0.00000000
0.00000000
0.00000000
0.00000000
0.00000000
0.00000000
0.00000000
0.00000000
0.00000000
0.00000000
0.00000000
0.00000000
0.00000000
0.00000000
0.07642300
0.27545400
0.43437300
0.52159900
0.55678100
0.54658100
0.49356700
0.38477900
0.26049400
0.11412800
0.00000000
0.00000000
0.00000000
0.00000000
0.00000000
0.00000000
0.00000000
0.00000000
0.00000000
0.00000000
0.00000000
0.00000000
0.00000000
0.00000000
0.06852200
0.26472400
0.42970600
0.53559900
0.55603100
0.54836300
0.49363600
0.39281900
0.25941100
0.10607300
0.00000000
0.00000000
0.00000000
0.00000000
0.00000000
0.00000000
0.00000000
0.00000000
0.00000000
0.00000000
0.00000000
0.00000000
0.00000000
0.00000000
0.06637300
0.28817900
0.43334300
0.51782700
0.46800500
0.54647100
0.49057600
0.39119200
0.26550500
0.07623500
0.00000000
0.00000000
0.00000000
0.00000000
0.00000000
0.00000000
0.00000000
0.00000000
0.00000000
0.00000000
0.00000000
0.00000000
0.00000000
0.00000000
0.06273300
0.25709900
0.20659300
0.47115700
0.51794700
0.45656300
0.37618100
0.34882300
0.18704800
0.02065000
0.00000000
0.00000000
0.00000000
0.00000000
0.00000000
0.00000000
0.00000000
0.00000000
0.00000000
0.00000000
0.00000000
0.00000000
0.00000000
0.00000000
0.06532500
0.26876000
0.41697900
0.52798600
0.57220600
0.57560500
0.51785300
0.41288500
0.26567500
0.11505700
0.00000000
0.00000000
0.00000000
0.00000000
0.00000000
0.00000000
0.00000000
0.00000000
0.00000000
0.00000000
0.00000000
0.00000000
0.00000000
0.00000000
0.06185700
0.26273500
0.43654600
0.53956700
0.57722200
0.56791900
0.50983600
0.40924100
0.26391600
0.11443200
0.00000000
0.00000000
0.00000000
0.00000000
0.00000000
0.00000000
0.00000000
0.00000000
0.00000000
0.00000000
0.00000000
0.00000000
0.00000000
0.00000000
0.06455400
0.28192200
0.43709900
0.52455800
0.56104000
0.55123300
0.49481100
0.40239200
0.26021100
0.10942200
0.00000000
0.00000000
0.00000000
0.00000000
0.00000000
0.00000000
0.00000000
0.00000000
0.00000000
0.00000000
0.00000000
0.00000000
0.00000000
0.00000000
0.06095500
0.28025200
0.44788200
0.53868900
0.57641500
0.55840500
0.51964300
0.40860300
0.26269700
0.10776000
0.00000000
0.00000000
0.00000000
0.00000000
0.00000000
0.00000000
0.00000000
0.00000000
0.00000000
0.00000000
0.00000000
0.00000000
0.00000000
0.00000000
0.05888300
0.27809900
0.43416000
0.54529300
0.58623700
0.57560200
0.51693200
0.40745700
0.26136900
0.10464500
0.00000000
0.00000000
0.00000000
0.00000000
0.00000000
0.00000000
0.00000000
0.00000000
0.00000000
0.00000000
0.00000000
0.00000000
0.00000000
0.00000000
0.05475800
0.27089100
0.41516100
0.52742700
0.56665900
0.42272000
0.38409700
0.40685000
0.21155500
0.10549800
0.00000000
0.00000000
0.00000000
0.00000000
0.00000000
0.00000000
0.00000000
0.00000000
0.00000000
0.00000000
0.00000000
0.00000000
0.00000000
0.00000000
0.07208600
0.26984200
0.43632000
0.55024700
0.59402000
0.59026900
0.52994000
0.41483400
0.26372500
0.11198900
0.00000000
0.00000000
0.00000000
0.00000000
0.00000000
0.00000000
0.00000000
0.00000000
0.00000000
0.00000000
0.00000000
0.00000000
0.00000000
0.00000000
0.05411400
0.27071900
0.44108700
0.55792300
0.60576400
0.59586900
0.53200500
0.41596600
0.26473400
0.11127000
0.00000000
0.00000000
0.00000000
0.00000000
0.00000000
0.00000000
0.00000000
0.00000000
0.00000000
0.00000000
0.00000000
0.00000000
0.00000000
0.00000000
0.05211800
0.27000900
0.43427900
0.55027200
0.59575900
0.58600500
0.51846300
0.40503000
0.26241000
0.09858200
0.00000000
0.00000000
0.00000000
0.00000000
0.00000000
0.00000000
0.00000000
0.00000000
0.00000000
0.00000000
0.00000000
0.00000000
0.00000000
0.00000000
0.04825900
0.26220300
0.42268900
0.52166900
0.56147800
0.55354600
0.49811800
0.39335100
0.25567300
0.00856900
0.00000000
0.00000000
0.00000000
0.00000000
0.00000000
0.00000000
0.00000000
0.00000000
0.00000000
0.00000000
0.00000000
0.00000000
0.00000000
0.00000000
0.04549900
0.25821200
0.41908400
0.52019500
0.56479500
0.55716500
0.49920300
0.40319300
0.24818000
0.09753800
0.00000000
0.00000000
0.00000000
0.00000000
0.00000000
0.00000000
0.00000000
0.00000000
0.00000000
0.00000000
0.00000000
0.00000000
0.00000000
0.00000000
0.04320800
0.25434300
0.41987400
0.53792000
0.58318900
0.57841600
0.50268100
0.40725700
0.26276800
0.00000000
0.00000000
0.00000000
0.00000000
0.00000000
0.00000000
0.00000000
0.00000000
0.00000000
0.00000000
0.00000000
0.00000000
0.00000000
0.00000000
0.00000000
0.04091000
0.25909800
0.42254100
0.54095000
0.58256000
0.57521100
0.50242700
0.40845900
0.26221100
0.09601500
0.00000000
0.00000000
0.00000000
0.00000000
0.00000000
0.00000000
0.00000000
0.00000000
0.00000000
0.00000000
0.00000000
0.00000000
0.00000000
0.00000000
0.04345700
0.24974600
0.43015600
0.54208000
0.59557700
0.58312900
0.50985200
0.40394700
0.26338300
0.09685300
0.00000000
0.00000000
0.00000000
0.00000000
0.00000000
0.00000000
0.00000000
0.00000000
0.00000000
0.00000000
0.00000000
0.00000000
0.00000000
0.00000000
0.03454800
0.24655200
0.41784400
0.53614000
0.58779200
0.57367700
0.50199300
0.39940100
0.25435000
0.09493300
0.00000000
0.00000000
0.00000000
0.00000000
0.00000000
0.00000000
0.00000000
0.00000000
0.00000000
0.00000000
0.00000000
0.00000000
0.00000000
0.00000000
0.03209400
0.23843500
0.41289500
0.52412100
0.56837000
0.56153600
0.50070400
0.39564100
0.25632700
0.10072300
0.00000000
0.00000000
0.00000000
0.00000000
0.00000000
0.00000000
0.00000000
0.00000000
0.00000000
0.00000000
0.00000000
0.00000000
0.00000000
0.00000000
0.02970800
0.24040000
0.41993500
0.53064400
0.57803000
0.57045400
0.51504500
0.40420800
0.25783200
0.09326500
0.00000000
0.00000000
0.00000000
0.00000000
0.00000000
0.00000000
0.00000000
0.00000000
0.00000000
0.00000000
0.00000000
0.00000000
0.00000000
0.00000000
0.03172500
0.23924800
0.42218900
0.53806200
0.59094400
0.58485300
0.51271700
0.40749300
0.26037500
0.10214600
0.00000000
0.00000000
0.00000000
0.00000000
0.00000000
0.00000000
0.00000000
0.00000000
0.00000000
0.00000000
0.00000000
0.00000000
0.00000000
0.00000000
0.03296600
0.25816300
0.43424400
0.53855900
0.57121500
0.57868800
0.52536400
0.41677400
0.27217600
0.07186800
0.00000000
0.00000000
0.00000000
0.00000000
0.00000000
0.00000000
0.00000000
0.00000000
0.00000000
0.00000000
0.00000000
0.00000000
0.00000000
0.00000000
0.02879300
0.12514000
0.40808400
0.46876000
0.55005300
0.34917400
0.50781700
0.40509000
0.25030600
0.10255500
0.00000000
0.00000000
0.00000000
0.00000000
0.00000000
0.00000000
0.00000000
0.00000000
0.00000000
0.00000000
0.00000000
0.00000000
0.00000000
0.00000000
0.01849700
0.14651200
0.20236300
0.34648400
0.44854000
0.39272600
0.48566000
0.39288000
0.27979600
0.11528100
0.00000000
0.00000000
0.00000000
0.00000000
0.00000000
0.00000000
0.00000000
0.00000000
0.00000000
0.00000000
0.00000000
0.00000000
0.00000000
0.00000000
0.03201300
0.26767400
0.45394500
0.56627400
0.60688900
0.60155300
0.54248000
0.42902400
0.28125600
0.11642100
0.00000000
0.00000000
0.00000000
0.00000000
0.00000000
0.00000000
0.00000000
0.00000000
0.00000000
0.00000000
0.00000000
0.00000000
0.00000000
0.00000000
0.02906500
0.26250200
0.43363600
0.52819700
0.58612200
0.56395500
0.51091200
0.40539900
0.27050700
0.11375200
0.00000000
0.00000000
0.00000000
0.00000000
0.00000000
0.00000000
0.00000000
0.00000000
0.00000000
0.00000000
0.00000000
0.00000000
0.00000000
0.00000000
0.02542700
0.23898600
0.42300300
0.51181800
0.55601800
0.54744900
0.50921700
0.40520400
0.26835700
0.10417500
0.00000000
0.00000000
0.00000000
0.00000000
0.00000000
0.00000000
0.00000000
0.00000000
0.00000000
0.00000000
0.00000000
0.00000000
0.00000000
0.00000000
0.01856500
0.17632700
0.26551200
0.19633700
0.55967100
0.57409100
0.52043200
0.41807300
0.27726900
0.11830600
0.00000000
0.00000000
0.00000000
0.00000000
0.00000000
0.00000000
0.00000000
0.00000000
0.00000000
0.00000000
0.00000000
0.00000000
0.00000000
0.00000000
0.02060000
0.24062300
0.40869800
0.52483500
0.59580100
0.58180500
0.53851200
0.42496500
0.27824900
0.11890700
0.00000000
0.00000000
0.00000000
0.00000000
0.00000000
0.00000000
0.00000000
0.00000000
0.00000000
0.00000000
0.00000000
0.00000000
0.00000000
0.00000000
0.01837300
0.18569100
0.41713100
0.42694100
0.16943400
0.38212000
0.25573000
0.11273300
0.13861800
0.09880400
0.00000000
0.00000000
0.00000000
0.00000000
0.00000000
0.00000000
0.00000000
0.00000000
0.00000000
0.00000000
0.00000000
0.00000000
0.00000000
0.00000000
0.01051200
0.13803300
0.20539100
0.34544800
0.56622100
0.58407000
0.52556900
0.37702000
0.15251200
0.02188700
0.00000000
0.00000000
0.00000000
0.00000000
0.00000000
0.00000000
0.00000000
0.00000000
0.00000000
0.00000000
0.00000000
0.00000000
0.00000000
0.00000000
0.01202700
0.12932200
0.35356700
0.50816600
0.31688300
0.53163100
0.52067200
0.24743000
0.18635700
0.00992000
0.00000000
0.00000000
0.00000000
0.00000000
0.00000000
0.00000000
0.00000000
0.00000000
0.00000000
0.00000000
0.00000000
0.00000000
0.00000000
0.00000000
0.01381700
0.23495100
0.39942200
0.51949100
0.54324600
0.53858600
0.27139000
0.23293000
0.08651700
0.02291100
0.00000000
0.00000000
0.00000000
0.00000000
0.00000000
0.00000000
0.00000000
0.00000000
0.00000000
0.00000000
0.00000000
0.00000000
0.00000000
0.00000000
0.01291600
0.19176100
0.34891300
0.45126000
0.52505100
0.50911500
0.47643400
0.39420800
0.25728500
0.11380800
0.00000000
0.00000000
0.00000000
0.00000000
0.00000000
0.00000000
0.00000000
0.00000000
0.00000000
0.00000000
0.00000000
0.00000000
0.00000000
0.00000000
0.01459300
0.19121000
0.35201900
0.48006200
0.57727500
0.60753600
0.55299700
0.43819400
0.28948900
0.12811200
0.00000000
0.00000000
0.00000000
0.00000000
0.00000000
0.00000000
0.00000000
0.00000000
0.00000000
0.00000000
0.00000000
0.00000000
0.00000000
0.00000000
0.01074800
0.24559100
0.43772400
0.55407400
0.60212800
0.60027900
0.54598000
0.43331600
0.28869300
0.13062100
0.00000000
0.00000000
0.00000000
0.00000000
0.00000000
0.00000000
0.00000000
0.00000000
0.00000000
0.00000000
0.00000000
0.00000000
0.00000000
0.00000000
0.01242600
0.23794300
0.42990300
0.53117400
0.60062800
0.59736600
0.54556000
0.43471000
0.28979000
0.12197300
0.00000000
0.00000000
0.00000000
0.00000000
0.00000000
0.00000000
0.00000000
0.00000000
0.00000000
0.00000000
0.00000000
0.00000000
0.00000000
0.00000000
0.00831300
0.23589100
0.42632500
0.54680100
0.59928400
0.59939000
0.54479100
0.43294700
0.29014000
0.13357200
0.00000000
0.00000000
0.00000000
0.00000000
0.00000000
0.00000000
0.00000000
0.00000000
0.00000000
0.00000000
0.00000000
0.00000000
0.00000000
0.00000000
0.00991200
0.23536500
0.42501200
0.51811400
0.57835100
0.55546400
0.52900000
0.42538200
0.28667200
0.12287500
0.00000000
0.00000000
0.00000000
0.00000000
0.00000000
0.00000000
0.00000000
0.00000000
0.00000000
0.00000000
0.00000000
0.00000000
0.00000000
0.00000000
0.00820800
0.21640200
0.39277700
0.50877800
0.55823000
0.55946100
0.51233000
0.42560400
0.27992500
0.13564800
0.00000000
0.00000000
0.00000000
0.00000000
0.00000000
0.00000000
0.00000000
0.00000000
0.00000000
0.00000000
0.00000000
0.00000000
0.00000000
0.00000000
0.00725400
0.21201800
0.38942300
0.51318400
0.59110600
0.59400700
0.55028000
0.43961100
0.29224900
0.13855600
0.00000000
0.00000000
0.00000000
0.00000000
0.00000000
0.00000000
0.00000000
0.00000000
0.00000000
0.00000000
0.00000000
0.00000000
0.00000000
0.00000000
0.00641500
0.22804700
0.42691700
0.54198100
0.59995900
0.60095300
0.54845400
0.44213800
0.29563400
0.14057400
0.00000000
0.00000000
0.00000000
0.00000000
0.00000000
0.00000000
0.00000000
0.00000000
0.00000000
0.00000000
0.00000000
0.00000000
0.00000000
0.00000000
0.00562500
0.22723000
0.42810800
0.54549100
0.61153900
0.60892300
0.55706200
0.43662500
0.29749200
0.13200500
0.00000000
0.00000000
0.00000000
0.00000000
0.00000000
0.00000000
0.00000000
0.00000000
0.00000000
0.00000000
0.00000000
0.00000000
0.00000000
0.00000000
0.00479600
0.06701300
0.14068000
0.51578800
0.51175500
0.18043700
0.45186800
0.33381400
0.15127900
0.01221300
0.00000000
0.00000000
0.00000000
0.00000000
0.00000000
0.00000000
0.00000000
0.00000000
0.00000000
0.00000000
0.00000000
0.00000000
0.00000000
0.00000000
0.00390000
0.22069100
0.41043400
0.51846900
0.58653000
0.58827400
0.53937400
0.43395700
0.29589100
0.14740600
0.00000000
0.00000000
0.00000000
0.00000000
0.00000000
0.00000000
0.00000000
0.00000000
0.00000000
0.00000000
0.00000000
0.00000000
0.00000000
0.00000000
0.01384000
0.23716500
0.42845000
0.54985600
0.60560600
0.60885900
0.56001700
0.45983100
0.31498200
0.15884500
0.00000000
0.00000000
0.00000000
0.00000000
0.00000000
0.00000000
0.00000000
0.00000000
0.00000000
0.00000000
0.00000000
0.00000000
0.00000000
0.00000000
0.00233800
0.21786300
0.41329600
0.53096500
0.58758800
0.59513100
0.54545300
0.43398700
0.30115600
0.14684200
0.00000000
0.00000000
0.00000000
0.00000000
0.00000000
0.00000000
0.00000000
0.00000000
0.00000000
0.00000000
0.00000000
0.00000000
0.00000000
0.00000000
0.00152200
0.21671700
0.41309000
0.53153100
0.59362900
0.59341400
0.54288700
0.44150100
0.30323500
0.14703400
0.00000000
0.00000000
0.00000000
0.00000000
0.00000000
0.00000000
0.00000000
0.00000000
0.00000000
0.00000000
0.00000000
0.00000000
0.00000000
0.00000000
0.00404100
0.21662500
0.41886500
0.53351700
0.60326500
0.60351800
0.55139700
0.44372600
0.30645300
0.14763800
0.00000000
0.00000000
0.00000000
0.00000000
0.00000000
0.00000000
0.00000000
0.00000000
0.00000000
0.00000000
0.00000000
0.00000000
0.00000000
0.00000000
0.00068500
0.21227300
0.39721500
0.53048000
0.59040900
0.59689600
0.55159000
0.44714900
0.30558800
0.14466500
0.00000000
0.00000000
0.00000000
0.00000000
0.00000000
0.00000000
0.00000000
0.00000000
0.00000000
0.00000000
0.00000000
0.00000000
0.00000000
0.00000000
0.00073800
0.21394700
0.40721100
0.53917000
0.60346400
0.61027100
0.55881800
0.45141200
0.31218400
0.15027100
0.00000000
0.00000000
0.00000000
0.00000000
0.00000000
0.00000000
0.00000000
0.00000000
0.00000000
0.00000000
0.00000000
0.00000000
0.00000000
0.00000000
0.00000000
0.21337100
0.39783800
0.53810600
0.59990600
0.60403800
0.53113500
0.28674100
0.26886300
0.08862500
0.00000000
0.00000000
0.00000000
0.00000000
0.00000000
0.00000000
0.00000000
