0.00000000
0.00000000
0.00000000
0.00000000
0.00000000
0.00000000
0.00000000
0.00000000
0.25831700
0.49765300
0.63696000
0.53569000
0.60246300
0.52323100
0.30691400
0.03048400
0.00058000
0.00000000
0.00000000
0.00000000
0.00000000
0.00000000
0.00000000
0.00000000
0.00000000
0.00000000
0.00000000
0.00000000
0.00000000
0.00000000
0.00000000
0.00000000
0.00044500
0.01633700
0.18486600
0.41786200
0.46022600
0.41870200
0.33205200
0.19430100
0.00917900
0.00000000
0.00000000
0.00000000
0.00000000
0.00000000
0.00000000
0.00000000
0.00000000
0.00000000
0.00000000
0.00000000
0.00000000
0.00000000
0.00000000
0.00000000
0.22583100
0.48475200
0.65568000
0.74184300
0.76190800
0.72097000
0.61123500
0.41959600
0.15323700
0.00000000
0.00000000
0.00000000
0.00000000
0.00000000
0.00000000
0.00000000
0.00000000
0.00000000
0.00000000
0.00000000
0.00000000
0.00000000
0.00000000
0.00000000
0.05552400
0.24173200
0.42474300
0.43801800
0.30635000
0.40943400
0.02141300
0.03087200
0.00123300
0.00000000
0.00000000
0.00000000
0.00000000
0.00000000
0.00000000
0.00000000
0.00000000
0.00000000
0.00000000
0.00000000
0.00000000
0.00000000
0.00000000
0.00000000
0.23725800
0.50459200
0.67377300
0.77591900
0.80239100
0.74766800
0.63216100
0.25374100
0.16745300
0.00000000
0.00000000
0.00000000
0.00000000
0.00000000
0.00000000
0.00000000
0.00000000
0.00000000
0.00000000
0.00000000
0.00000000
0.00000000
0.00000000
0.00000000
0.24468900
0.47199500
0.37009800
0.23435700
0.14246600
0.49464400
0.20580900
0.02418200
0.00127300
0.00000000
0.00000000
0.00000000
0.00000000
0.00000000
0.00000000
0.00000000
0.00000000
0.00000000
0.00000000
0.00000000
0.00000000
0.00000000
0.00000000
0.00000000
0.02378300
0.02913900
0.02435000
0.02436900
0.14509400
0.03120100
0.01633100
0.15082400
0.00998000
0.00000000
0.00000000
0.00000000
0.00000000
0.00000000
0.00000000
0.00000000
0.00000000
0.00000000
0.00000000
0.00000000
0.00000000
0.00000000
0.00000000
0.00000000
0.02264900
0.19308100
0.42105700
0.70049300
0.58427300
0.39043100
0.15561000
0.23437000
0.13446400
0.00000000
0.00000000
0.00000000
0.00000000
0.00000000
0.00000000
0.00000000
0.00000000
0.00000000
0.00000000
0.00000000
0.00000000
0.00000000
0.00000000
0.00000000
0.11178300
0.15693600
0.19425000
0.69550600
0.32099800
0.12403100
0.47991000
0.25506900
0.06332000
0.00000000
0.00000000
0.00000000
0.00000000
0.00000000
0.00000000
0.00000000
0.00000000
0.00000000
0.00000000
0.00000000
0.00000000
0.00000000
0.00000000
0.00000000
0.03939100
0.16983100
0.23707500
0.23477200
0.08385400
0.05298000
0.19264500
0.04001600
0.00457900
0.00000000
0.00000000
0.00000000
0.00000000
0.00000000
0.00000000
0.00000000
0.00000000
0.00000000
0.00000000
0.00000000
0.00000000
0.00000000
0.00000000
0.00000000
0.04526000
0.51175100
0.66659900
0.75216000
0.77290500
0.72437600
0.60605600
0.05617100
0.00964200
0.00000000
0.00000000
0.00000000
0.00000000
0.00000000
0.00000000
0.00000000
0.00000000
0.00000000
0.00000000
0.00000000
0.00000000
0.00000000
0.00000000
0.00000000
0.20305100
0.46191800
0.63834900
0.74002100
0.76525700
0.70876800
0.46202200
0.23149500
0.05179000
0.00000000
0.00000000
0.00000000
0.00000000
0.00000000
0.00000000
0.00000000
0.00000000
0.00000000
0.00000000
0.00000000
0.00000000
0.00000000
0.00000000
0.00000000
0.06112600
0.05658800
0.05621600
0.05441800
0.10893100
0.09704900
0.16820700
0.10083600
0.01178100
0.00000000
0.00000000
0.00000000
0.00000000
0.00000000
0.00000000
0.00000000
0.00000000
0.00000000
0.00000000
0.00000000
0.00000000
0.00000000
0.00000000
0.00000000
0.09380200
0.33575800
0.28996600
0.39612400
0.32855300
0.38675000
0.24364100
0.08306100
0.01456400
0.00000000
0.00000000
0.00000000
0.00000000
0.00000000
0.00000000
0.00000000
0.00000000
0.00000000
0.00000000
0.00000000
0.00000000
0.00000000
0.00000000
0.00000000
0.00000000
0.22703700
0.36056500
0.45985400
0.34584300
0.25066500
0.42661400
0.04421000
0.17737000
0.00000000
0.00000000
0.00000000
0.00000000
0.00000000
0.00000000
0.00000000
0.00000000
0.00000000
0.00000000
0.00000000
0.00000000
0.00000000
0.00000000
0.00000000
0.23178100
0.51783500
0.72067700
0.83333300
0.83333300
0.80346700
0.46814800
0.47449100
0.19219500
0.00000000
0.00000000
0.00000000
0.00000000
0.00000000
0.00000000
0.00000000
0.00000000
0.00000000
0.00000000
0.00000000
0.00000000
0.00000000
0.00000000
0.00000000
0.07371200
0.06610400
0.20178500
0.26142200
0.41039600
0.26012200
0.16201200
0.10918500
0.02006200
0.00000000
0.00000000
0.00000000
0.00000000
0.00000000
0.00000000
0.00000000
0.00000000
0.00000000
0.00000000
0.00000000
0.00000000
0.00000000
0.00000000
0.00000000
0.04214400
0.17927800
0.03002800
0.04623000
0.15277100
0.22446600
0.06464300
0.17400500
0.04060800
0.00000000
0.00000000
0.00000000
0.00000000
0.00000000
0.00000000
0.00000000
0.00000000
0.00000000
0.00000000
0.00000000
0.00000000
0.00000000
0.00000000
0.00000000
0.15592900
0.33170300
0.30284600
0.21111100
0.44329300
0.16807700
0.50618000
0.15258500
0.10106400
0.00000000
0.00000000
0.00000000
0.00000000
0.00000000
0.00000000
0.00000000
0.00000000
0.00000000
0.00000000
0.00000000
0.00000000
0.00000000
0.00000000
0.00000000
0.00475100
0.20142700
0.25853300
0.21988000
0.33805900
0.71253300
0.60628100
0.43318600
0.18706400
0.00000000
0.00000000
0.00000000
0.00000000
0.00000000
0.00000000
0.00000000
0.00000000
0.00000000
0.00000000
0.00000000
0.00000000
0.00000000
0.00000000
0.00000000
0.01545400
0.07368400
0.11267800
0.27244700
0.28357300
0.24331900
0.35375100
0.33098800
0.00375200
0.00000000
0.00000000
0.00000000
0.00000000
0.00000000
0.00000000
0.00000000
0.00000000
0.00000000
0.00000000
0.00000000
0.00000000
0.00000000
0.00000000
0.00000000
0.00292700
0.00930500
0.01811400
0.06348400
0.06647400
0.09397600
0.04826600
0.01323500
0.00286800
0.00000000
0.00000000
0.00000000
0.00000000
0.00000000
0.00000000
0.00000000
0.00000000
0.00000000
0.00000000
0.00000000
0.00000000
0.00000000
0.00000000
0.00000000
0.01320500
0.05919600
0.11625800
0.19781300
0.24536600
0.06677200
0.06659300
0.02807500
0.00436200
0.00000000
0.00000000
0.00000000
0.00000000
0.00000000
0.00000000
0.00000000
0.00000000
0.00000000
0.00000000
0.00000000
0.00000000
0.00000000
0.00000000
0.00000000
0.02193500
0.28723900
0.09850100
0.11185300
0.13859300
0.83333300
0.71247400
0.52140600
0.26954300
0.00000000
0.00000000
0.00000000
0.00000000
0.00000000
0.00000000
0.00000000
0.00000000
0.00000000
0.00000000
0.00000000
0.00000000
0.00000000
0.00000000
0.00000000
0.18155200
0.13145200
0.26694200
0.56179200
0.37539700
0.38691900
0.31945700
0.27198000
0.11012300
0.00000000
0.00000000
0.00000000
0.00000000
0.00000000
0.00000000
0.00000000
0.00000000
0.00000000
0.00000000
0.00000000
0.00000000
0.00000000
0.00000000
0.00000000
0.02053700
0.52242900
0.69462300
0.49779100
0.63982400
0.38874000
0.68011400
0.09329600
0.06215400
0.00000000
0.00000000
0.00000000
0.00000000
0.00000000
0.00000000
0.00000000
0.00000000
0.00000000
0.00000000
0.00000000
0.00000000
0.00000000
0.00000000
0.00000000
0.12324900
0.52788500
0.66323500
0.74851300
0.77033700
0.73052200
0.50158400
0.19232800
0.01171300
0.00000000
0.00000000
0.00000000
0.00000000
0.00000000
0.00000000
0.00000000
0.00000000
0.00000000
0.00000000
0.00000000
0.00000000
0.00000000
0.00000000
0.00000000
0.00000000
0.01515600
0.05233200
0.00793700
0.09952200
0.07962600
0.02545200
0.06122000
0.00692700
0.00000000
0.00000000
0.00000000
0.00000000
0.00000000
0.00000000
0.00000000
0.00000000
0.00000000
0.00000000
0.00000000
0.00000000
0.00000000
0.00000000
0.00000000
0.00056100
0.06663300
0.14352400
0.12048400
0.08889500
0.07730500
0.05379000
0.01989200
0.00779200
0.00000000
0.00000000
0.00000000
0.00000000
0.00000000
0.00000000
0.00000000
0.00000000
0.00000000
0.00000000
0.00000000
0.00000000
0.00000000
0.00000000
0.00000000
0.05884700
0.46326200
0.20262900
0.24375300
0.27331300
0.16792700
0.23358300
0.06211600
0.13400800
0.00000000
0.00000000
0.00000000
0.00000000
0.00000000
0.00000000
0.00000000
0.00000000
0.00000000
0.00000000
0.00000000
0.00000000
0.00000000
0.00000000
0.00000000
0.04007900
0.21480800
0.08258600
0.13357700
0.14250700
0.07534200
0.03655300
0.09568200
0.11875500
0.00000000
0.00000000
0.00000000
0.00000000
0.00000000
0.00000000
0.00000000
0.00000000
0.00000000
0.00000000
0.00000000
0.00000000
0.00000000
0.00000000
0.00000000
0.00380400
0.10652500
0.02622900
0.35111900
0.39646800
0.48132100
0.20183500
0.12847300
0.03361700
0.00000000
0.00000000
0.00000000
0.00000000
0.00000000
0.00000000
0.00000000
0.00000000
0.00000000
0.00000000
0.00000000
0.00000000
0.00000000
0.00000000
0.00000000
0.01433500
0.12920500
0.27822500
0.23775800
0.23987800
0.17057200
0.14562900
0.08002600
0.07913400
0.00000000
0.00000000
0.00000000
0.00000000
0.00000000
0.00000000
0.00000000
0.00000000
0.00000000
0.00000000
0.00000000
0.00000000
0.00000000
0.00000000
0.00000000
0.29064100
0.03759500
0.19692000
0.48043200
0.09715300
0.51607300
0.18170900
0.29880300
0.04031800
0.00000000
0.00000000
0.00000000
0.00000000
0.00000000
0.00000000
0.00000000
0.00000000
0.00000000
0.00000000
0.00000000
0.00000000
0.00000000
0.00000000
0.00000000
0.28969200
0.56326700
0.76675200
0.69047400
0.49345300
0.38347500
0.40410000
0.17189600
0.07032500
0.00000000
0.00000000
0.00000000
0.00000000
0.00000000
0.00000000
0.00000000
0.00000000
0.00000000
0.00000000
0.00000000
0.00000000
0.00000000
0.00000000
0.00000000
0.28044400
0.54620500
0.32172800
0.50853800
0.68635500
0.68255400
0.56878200
0.53397900
0.28689700
0.00000000
0.00000000
0.00000000
0.00000000
0.00000000
0.00000000
0.00000000
0.00000000
0.00000000
0.00000000
0.00000000
0.00000000
0.00000000
0.00000000
0.00000000
0.28834500
0.31654100
0.55481600
0.46131300
0.65668400
0.83333300
0.76738400
0.58350700
0.32442000
0.00000000
0.00000000
0.00000000
0.00000000
0.00000000
0.00000000
0.00000000
0.00000000
0.00000000
0.00000000
0.00000000
0.00000000
0.00000000
0.00000000
0.00000000
0.32846700
0.58604500
0.77609000
0.83333300
0.83333300
0.83333300
0.76150900
0.57315600
0.07598900
0.00000000
0.00000000
0.00000000
0.00000000
0.00000000
0.00000000
0.00000000
0.00000000
0.00000000
0.00000000
0.00000000
0.00000000
0.00000000
0.00000000
0.00000000
0.30198700
0.55364400
0.74821300
0.25700800
0.83333300
0.35944900
0.21642300
0.21835500
0.16045800
0.00000000
0.00000000
0.00000000
0.00000000
0.00000000
0.00000000
0.00000000
0.00000000
0.00000000
0.00000000
0.00000000
0.00000000
0.00000000
0.00000000
0.00000000
0.02446300
0.09964100
0.32671600
0.52432500
0.83333300
0.83333300
0.72968400
0.56028700
0.31821100
0.00000000
0.00000000
0.00000000
0.00000000
0.00000000
0.00000000
0.00000000
0.00000000
0.00000000
0.00000000
0.00000000
0.00000000
0.00000000
0.00000000
0.00000000
0.01695600
0.57320900
0.75677200
0.83333300
0.83333300
0.83333300
0.31161400
0.08352400
0.17214200
0.00000000
0.00000000
0.00000000
0.00000000
0.00000000
0.00000000
0.00000000
0.00000000
0.00000000
0.00000000
0.00000000
0.00000000
0.00000000
0.00000000
0.00000000
0.00060300
0.24629100
0.32808600
0.34884300
0.24588800
0.22536100
0.05151700
0.18241200
0.09084800
0.00000000
0.00000000
0.00000000
0.00000000
0.00000000
0.00000000
0.00000000
0.00000000
0.00000000
0.00000000
0.00000000
0.00000000
0.00000000
0.00000000
0.01621900
0.27019900
0.51301000
0.43641600
0.19167600
0.30280600
0.27265400
0.12729200
0.15228600
0.08897300
0.00058300
0.00000000
0.00000000
0.00000000
0.00000000
0.00000000
0.00000000
0.00000000
0.00000000
0.00000000
0.00000000
0.00000000
0.00000000
0.00000000
0.00000000
0.05583000
0.14507600
0.33793300
0.23148900
0.29368900
0.22753600
0.12971400
0.07514500
0.02227800
0.00000000
0.00000000
0.00000000
0.00000000
0.00000000
0.00000000
0.00000000
0.00000000
0.00000000
0.00000000
0.00000000
0.00000000
0.00000000
0.00000000
0.00000000
0.05158200
0.02616800
0.08159200
0.19612600
0.26478700
0.18690700
0.74309400
0.02341400
0.00805300
0.00000000
0.00000000
0.00000000
0.00000000
0.00000000
0.00000000
0.00000000
0.00000000
0.00000000
0.00000000
0.00000000
0.00000000
0.00000000
0.00000000
0.06935400
0.36210200
0.61588400
0.78657200
0.83333300
0.83333300
0.83333300
0.03328600
0.22479500
0.16402500
0.06745700
0.00000000
0.00000000
0.00000000
0.00000000
0.00000000
0.00000000
0.00000000
0.00000000
0.00000000
0.00000000
0.00000000
0.00000000
0.00000000
0.05849600
0.34883300
0.60524300
0.78918600
0.83333300
0.83333300
0.83333300
0.28420400
0.16524500
0.08693500
0.01598900
0.00000000
0.00000000
0.00000000
0.00000000
0.00000000
0.00000000
0.00000000
0.00000000
0.00000000
0.00000000
0.00000000
0.00000000
0.00000000
0.01607800
0.29824200
0.54035400
0.31395700
0.52051700
0.42657500
0.36821100
0.31592900
0.14595300
0.12533900
0.00376200
0.00000000
0.00000000
0.00000000
0.00000000
0.00000000
0.00000000
0.00000000
0.00000000
0.00000000
0.00000000
0.00000000
0.00000000
0.00000000
0.00472100
0.13292600
0.56580600
0.31801400
0.40630600
0.30496300
0.27972300
0.56068700
0.03004400
0.12071400
0.08719300
0.00000000
0.00000000
0.00000000
0.00000000
0.00000000
0.00000000
0.00000000
0.00000000
0.00000000
0.00000000
0.00000000
0.00000000
0.00000000
0.08005200
0.34557200
0.56765300
0.71810500
0.79931400
0.81389800
0.08498700
0.06184200
0.05059600
0.31389300
0.06002700
0.00000000
0.00000000
0.00000000
0.00000000
0.00000000
0.00000000
0.00000000
0.00000000
0.00000000
0.00000000
0.00000000
0.00000000
0.00000000
0.00000000
0.07513600
0.26784600
0.47370500
0.41889400
0.76641100
0.26852800
0.15162200
0.18232200
0.00749500
0.00000000
0.00000000
0.00000000
0.00000000
0.00000000
0.00000000
0.00000000
0.00000000
0.00000000
0.00000000
0.00000000
0.00000000
0.00000000
0.00000000
0.01101800
0.19781000
0.55640400
0.69387800
0.77489000
0.71985900
0.76968500
0.67767800
0.53819100
0.32868100
0.08689700
0.00000000
0.00000000
0.00000000
0.00000000
0.00000000
0.00000000
0.00000000
0.00000000
0.00000000
0.00000000
0.00000000
0.00000000
0.00000000
0.00281600
0.01476900
0.04021100
0.04316700
0.78959900
0.12800800
0.17812400
0.20430800
0.04062900
0.02425400
0.05258900
0.00000000
0.00000000
0.00000000
0.00000000
0.00000000
0.00000000
0.00000000
0.00000000
0.00000000
0.00000000
0.00000000
0.00000000
0.00000000
0.00223700
0.02843700
0.09323300
0.24961700
0.46106200
0.83333300
0.83333300
0.80719800
0.63223800
0.38414000
0.11382700
0.00000000
0.00000000
0.00000000
0.00000000
0.00000000
0.00000000
0.00000000
0.00000000
0.00000000
0.00000000
0.00000000
0.00000000
0.00000000
0.11640600
0.38910500
0.60829200
0.75825300
0.83333300
0.83333300
0.82507300
0.73452200
0.57950200
0.36334900
0.10806000
0.00000000
0.00000000
0.00000000
0.00000000
0.00000000
0.00000000
0.00000000
0.00000000
0.00000000
0.00000000
0.00000000
0.00000000
0.00000000
0.01029200
0.06812400
0.45846000
0.27038500
0.57122600
0.05246400
0.11587200
0.07462800
0.02425400
0.00838400
0.00000000
0.00000000
0.00000000
0.00000000
0.00000000
0.00000000
0.00000000
0.00000000
0.00000000
0.00000000
0.00000000
0.00000000
0.00000000
0.00000000
0.00000000
0.00854900
0.06685500
0.09008500
0.07536200
0.10855000
0.10515000
0.13630900
0.02570300
0.00610900
0.00000000
0.00000000
0.00000000
0.00000000
0.00000000
0.00000000
0.00000000
0.00000000
0.00000000
0.00000000
0.00000000
0.00000000
0.00000000
0.00000000
0.00000000
0.01657400
0.04766100
0.08676800
0.09266200
0.12485600
0.15188300
0.09692900
0.06454500
0.02837300
0.00052200
0.00000000
0.00000000
0.00000000
0.00000000
0.00000000
0.00000000
0.00000000
0.00000000
0.00000000
0.00000000
0.00000000
0.00000000
0.00000000
0.01261700
0.09852500
0.34757400
0.29340800
0.25022500
0.25810800
0.30094600
0.38181100
0.52406100
0.31855400
0.08864100
0.00000000
0.00000000
0.00000000
0.00000000
0.00000000
0.00000000
0.00000000
0.00000000
0.00000000
0.00000000
0.00000000
0.00000000
0.00000000
0.05372700
0.15846500
0.21958800
0.16115300
0.11928400
0.20416000
0.10242000
0.18367200
0.10297000
0.00104300
0.00000000
0.00000000
0.00000000
0.00000000
0.00000000
0.00000000
0.00000000
0.00000000
0.00000000
0.00000000
0.00000000
0.00000000
0.00000000
0.00000000
0.00281000
0.03935800
0.18604500
0.10581900
0.04338200
0.14851400
0.18215400
0.13357500
0.01313800
0.05161200
0.00000000
0.00000000
0.00000000
0.00000000
0.00000000
0.00000000
0.00000000
0.00000000
0.00000000
0.00000000
0.00000000
0.00000000
0.00000000
0.00000000
0.02597700
0.11704100
0.49314700
0.68042500
0.63955400
0.64144600
0.59431300
0.49849300
0.39729600
0.34455200
0.10694500
0.00000000
0.00000000
0.00000000
0.00000000
0.00000000
0.00000000
0.00000000
0.00000000
0.00000000
0.00000000
0.00000000
0.00000000
0.00000000
0.02164100
0.37848500
0.58570600
0.71943100
0.68550500
0.67959400
0.54165500
0.23421300
0.25234700
0.04776600
0.00828600
0.00000000
0.00000000
0.00000000
0.00000000
0.00000000
0.00000000
0.00000000
0.00000000
0.00000000
0.00000000
0.00000000
0.00000000
0.00000000
0.12455100
0.22909000
0.57686000
0.71846200
0.81396900
0.59390300
0.52018700
0.45765800
0.35145700
0.34610700
0.10780900
0.00000000
0.00000000
0.00000000
0.00000000
0.00000000
0.00000000
0.00000000
0.00000000
0.00000000
0.00000000
0.00000000
0.00000000
0.00000000
0.14025000
0.38055900
0.57784500
0.70655200
0.77984500
0.76622300
0.73254700
0.65116500
0.52312200
0.33246800
0.10700100
0.00000000
0.00000000
0.00000000
0.00000000
0.00000000
0.00000000
0.00000000
0.00000000
0.00000000
0.00000000
0.00000000
0.00000000
0.00000000
0.11931700
0.34649900
0.53532500
0.44421000
0.32191900
0.18261400
0.26633300
0.24228500
0.20974700
0.23124500
0.08578200
0.00000000
0.00000000
0.00000000
0.00000000
0.00000000
0.00000000
0.00000000
0.00000000
0.00000000
0.00000000
0.00000000
0.00000000
0.00000000
0.03087200
0.13696800
0.46933200
0.58815500
0.66616900
0.63933500
0.58811300
0.59140100
0.45388400
0.29707200
0.09137900
0.00000000
0.00000000
0.00000000
0.00000000
0.00000000
0.00000000
0.00000000
0.00000000
0.00000000
0.00000000
0.00000000
0.00000000
0.00000000
0.06374700
0.23131100
0.03137500
0.01355200
0.44769700
0.59274500
0.07340600
0.05911800
0.49693800
0.15025600
0.00000000
0.00000000
0.00000000
0.00000000
0.00000000
0.00000000
0.00000000
0.00000000
0.00000000
0.00000000
0.00000000
0.00000000
0.00000000
0.00000000
0.00130100
0.36137200
0.08237100
0.25733500
0.13756000
0.16061300
0.13553000
0.10969700
0.07665700
0.30037500
0.08266000
0.00000000
0.00000000
0.00000000
0.00000000
0.00000000
0.00000000
0.00000000
0.00000000
0.00000000
0.00000000
0.00000000
0.00000000
0.00000000
0.04751000
0.13972900
0.29778800
0.27558200
0.17475700
0.15942800
0.13537100
0.18820900
0.10172400
0.01868200
0.00000000
0.00000000
0.00000000
0.00000000
0.00000000
0.00000000
0.00000000
0.00000000
0.00000000
0.00000000
0.00000000
0.00000000
0.00000000
0.00000000
0.01162500
0.03077300
0.12445300
0.18874600
0.59080600
0.83333300
0.83333300
0.77178900
0.61025400
0.38912100
0.12944900
0.00000000
0.00000000
0.00000000
0.00000000
0.00000000
0.00000000
0.00000000
0.00000000
0.00000000
0.00000000
0.00000000
0.00000000
0.00000000
0.16574500
0.41356200
0.61442800
0.74983200
0.82283800
0.83309600
0.79722800
0.50532500
0.37119300
0.20675000
0.08886300
0.00000000
0.00000000
0.00000000
0.00000000
0.00000000
0.00000000
0.00000000
0.00000000
0.00000000
0.00000000
0.00000000
0.00000000
0.00000000
0.03352500
0.09291700
0.23771800
0.48890400
0.51370400
0.65702800
0.77879300
0.68230600
0.53342500
0.33718000
0.11346600
0.00000000
0.00000000
0.00000000
0.00000000
0.00000000
0.00000000
0.00000000
0.00000000
0.00000000
0.00000000
0.00000000
0.00000000
0.00000000
0.01861400
0.07350800
0.40669000
0.26440900
0.42860500
0.42054700
0.22941400
0.06862400
0.04192200
0.03732600
0.00000000
0.00000000
0.00000000
0.00000000
0.00000000
0.00000000
0.00000000
0.00000000
0.00000000
0.00000000
0.00000000
0.00000000
0.00000000
0.00000000
0.01866100
0.03526700
0.13370800
0.23771700
0.14908100
0.24356600
0.20257900
0.12550300
0.10197800
0.06162400
0.01315900
0.00000000
0.00000000
0.00000000
0.00000000
0.00000000
0.00000000
0.00000000
0.00000000
0.00000000
0.00000000
0.00000000
0.00000000
0.00000000
0.04716900
0.30139100
0.51143500
0.82339800
0.83333300
0.83333300
0.83333300
0.78298400
0.62271000
0.40294500
0.14249200
0.00000000
0.00000000
0.00000000
0.00000000
0.00000000
0.00000000
0.00000000
0.00000000
0.00000000
0.00000000
0.00000000
0.00000000
0.00000000
0.18771000
0.44701500
0.65460400
0.80609400
0.83333300
0.83333300
0.83333300
0.76518300
0.61100500
0.39385000
0.13895700
0.00000000
0.00000000
0.00000000
0.00000000
0.00000000
0.00000000
0.00000000
0.00000000
0.00000000
0.00000000
0.00000000
0.00000000
0.00000000
0.17859100
0.41350900
0.60384600
0.65115100
0.45525500
0.75010600
0.70900100
0.58420600
0.43707000
0.30948500
0.08897000
0.00000000
0.00000000
0.00000000
0.00000000
0.00000000
0.00000000
0.00000000
0.00000000
0.00000000
0.00000000
0.00000000
0.00000000
0.00203900
0.15309000
0.32850200
0.42028200
0.64571700
0.62637900
0.68154500
0.68872000
0.60793600
0.48018700
0.27654800
0.07470600
0.00000000
0.00000000
0.00000000
0.00000000
0.00000000
0.00000000
0.00000000
0.00000000
0.00000000
0.00000000
0.00000000
0.00000000
0.00000000
0.01535400
0.14685300
0.18980100
0.38383800
0.61010100
0.57448100
0.59845800
0.55588000
0.23571200
0.05405600
0.00031500
0.00000000
0.00000000
0.00000000
0.00000000
0.00000000
0.00000000
0.00000000
0.00000000
0.00000000
0.00000000
0.00000000
0.00000000
0.01188800
0.03763900
0.08489000
0.26499000
0.11774700
0.41910700
0.35172000
0.20089300
0.25317400
0.10877700
0.09112400
0.02329200
0.00000000
0.00000000
0.00000000
0.00000000
0.00000000
0.00000000
0.00000000
0.00000000
0.00000000
0.00000000
0.00000000
0.00000000
0.00566800
0.03843900
0.12686500
0.21321900
0.31602200
0.45311100
0.48195800
0.50707300
0.30393600
0.35872900
0.20300900
0.11186300
0.00000000
0.00000000
0.00000000
0.00000000
0.00000000
0.00000000
0.00000000
0.00000000
0.00000000
0.00000000
0.00000000
0.00000000
0.01530200
0.18139600
0.39778400
0.56580800
0.67078900
0.73072300
0.74162400
0.70640800
0.63200600
0.50058600
0.22518900
0.06002200
0.00000000
0.00000000
0.00000000
0.00000000
0.00000000
0.00000000
0.00000000
0.00000000
0.00000000
0.00000000
0.00000000
0.00000000
0.00561400
0.04251100
0.31338800
0.50677200
0.46151400
0.57621200
0.61940100
0.70581400
0.62082300
0.47894500
0.32362700
0.11409400
0.00000000
0.00000000
0.00000000
0.00000000
0.00000000
0.00000000
0.00000000
0.00000000
0.00000000
0.00000000
0.00000000
0.00000000
0.01958800
0.19428200
0.43029700
0.27043400
0.40825600
0.45021400
0.83333300
0.80727200
0.71184900
0.55113700
0.35303800
0.12453000
0.00000000
0.00000000
0.00000000
0.00000000
0.00000000
0.00000000
0.00000000
0.00000000
0.00000000
0.00000000
0.00000000
0.00000000
0.01142000
0.04995700
0.09848300
0.22616300
0.28737900
0.36229200
0.07790900
0.13567800
0.20568500
0.28558800
0.09818100
0.11058000
0.00000000
0.00000000
0.00000000
0.00000000
0.00000000
0.00000000
0.00000000
0.00000000
0.00000000
0.00000000
0.00000000
0.00000000
0.02036200
0.08586700
0.15687500
0.55167200
0.37411100
0.70934700
0.58113600
0.37489100
0.18569800
0.10570100
0.34177500
0.01802700
0.00000000
0.00000000
0.00000000
0.00000000
0.00000000
0.00000000
0.00000000
0.00000000
0.00000000
0.00000000
0.00000000
0.00000000
0.01807000
0.16158500
0.11553700
0.14042500
0.21859600
0.11402300
0.07884600
0.16421300
0.15706700
0.09375600
0.11719200
0.01995100
0.00000000
0.00000000
0.00000000
0.00000000
0.00000000
0.00000000
0.00000000
0.00000000
0.00000000
0.00000000
0.00000000
0.00000000
0.00603200
0.05817300
0.21287000
0.21538000
0.30666500
0.18851700
0.14634000
0.28603000
0.32033500
0.21440400
0.16044000
0.03888300
0.00266500
0.00000000
0.00000000
0.00000000
0.00000000
0.00000000
0.00000000
0.00000000
0.00000000
0.00000000
0.00000000
0.00000000
0.02619800
0.20957200
0.43644800
0.61677600
0.73039900
0.79281000
0.80372600
0.76991100
0.68075900
0.54680000
0.35052700
0.12859800
0.00379600
0.00000000
0.00000000
0.00000000
0.00000000
0.00000000
0.00000000
0.00000000
0.00000000
0.00000000
0.00000000
0.00000000
0.02476400
0.21016800
0.43424300
0.60399000
0.71035200
0.77141900
0.78031800
0.73550400
0.65766100
0.51797300
0.32677200
0.11867400
0.00318300
0.00000000
0.00000000
0.00000000
0.00000000
0.00000000
0.00000000
0.00000000
0.00000000
0.00000000
0.00000000
0.00000000
0.02665600
0.20017500
0.42738700
0.60208100
0.62446700
0.68100100
0.63443500
0.03214700
0.36755500
0.08788400
0.06451300
0.00543500
0.00000000
0.00000000
0.00000000
0.00000000
0.00000000
0.00000000
0.00000000
0.00000000
0.00000000
0.00000000
0.00000000
0.00000000
0.00907400
0.09342000
0.24767200
0.24195200
0.17666200
0.50019300
0.51571800
0.51697300
0.43099300
0.21868600
0.19451000
0.01010800
0.00000000
0.00000000
0.00000000
0.00000000
0.00000000
0.00000000
0.00000000
0.00000000
0.00000000
0.00000000
0.00000000
0.00000000
0.02810100
0.22996900
0.47374800
0.65938900
0.78292100
0.51383100
0.46676300
0.64695900
0.56178400
0.21237300
0.36597500
0.05397900
0.00045700
0.00000000
0.00000000
0.00000000
0.00000000
0.00000000
0.00000000
0.00000000
0.00000000
0.00000000
0.00000000
0.00000000
0.02323900
0.13022300
0.25460400
0.31565200
0.27686100
0.21872700
0.25371100
0.18913100
0.29867100
0.37188800
0.28958800
0.08218200
0.00000000
0.00000000
0.00000000
0.00000000
0.00000000
0.00000000
0.00000000
0.00000000
0.00000000
0.00000000
0.00000000
0.00000000
0.02887400
0.19976500
0.40865600
0.56136900
0.66749500
0.64586400
0.61457300
0.20495900
0.03586600
0.13207900
0.03871000
0.01981700
0.00514800
0.00000000
0.00000000
0.00000000
0.00000000
0.00000000
0.00000000
0.00000000
0.00000000
0.00000000
0.00000000
0.00000000
0.01160700
0.05337000
0.24044600
0.26882900
0.49300200
0.67147300
0.38805200
0.50776500
0.14618400
0.06828600
0.05237400
0.02929900
0.00000000
0.00000000
0.00000000
0.00000000
0.00000000
0.00000000
0.00000000
0.00000000
0.00000000
0.00000000
0.00000000
0.00000000
0.00000000
0.00598400
0.07153500
0.02244100
0.08164500
0.18036600
0.02263500
0.13662400
0.07407800
0.15447000
0.00938400
0.00733800
0.00000000
0.00000000
0.00000000
0.00000000
0.00000000
0.00000000
0.00000000
0.00000000
0.00000000
0.00000000
0.00000000
0.00000000
0.01393300
0.06633800
0.05752500
0.09244500
0.32486500
0.52976200
0.33457100
0.35729800
0.15754300
0.09803800
0.04804800
0.08000900
0.00558800
0.00000000
0.00000000
0.00000000
0.00000000
0.00000000
0.00000000
0.00000000
0.00000000
0.00000000
0.00000000
0.00000000
0.02496200
0.11140500
0.12202400
0.12506600
0.19253700
0.76880000
0.83333300
0.29229000
0.48746800
0.21228900
0.10944700
0.07945100
0.01063100
0.00000000
0.00000000
0.00000000
0.00000000
0.00000000
0.00000000
0.00000000
0.00000000
0.00000000
0.00000000
0.00000000
0.04029300
0.08255000
0.06384000
0.10577600
0.19442000
0.35258600
0.36998000
0.48704800
0.70072600
0.53870400
0.34404000
0.12396300
0.01135500
0.00000000
0.00000000
0.00000000
0.00000000
0.00000000
0.00000000
0.00000000
0.00000000
0.00000000
0.00000000
0.00000000
0.04104200
0.22616900
0.43756000
0.59982700
0.70759500
0.76109200
0.76720400
0.72995000
0.64813800
0.50806700
0.31537900
0.12031000
0.01225200
0.00000000
0.00000000
0.00000000
0.00000000
0.00000000
0.00000000
0.00000000
0.00000000
0.00000000
0.00000000
0.00000000
0.03396000
0.11169300
0.08881300
0.49324300
0.61840100
0.66723600
0.68236200
0.44504600
0.49795300
0.38373600
0.18740900
0.06048400
0.00469200
0.00000000
0.00000000
0.00000000
0.00000000
0.00000000
0.00000000
0.00000000
0.00000000
0.00000000
0.00000000
0.00000000
0.03977900
0.23225200
0.37337600
0.58027800
0.71197700
0.72351200
0.61083200
0.62945600
0.36506700
0.33694200
0.20401200
0.10525400
0.01254500
0.00000000
0.00000000
0.00000000
0.00000000
0.00000000
0.00000000
0.00000000
0.00000000
0.00000000
0.00000000
0.00000000
0.04174000
0.23828100
0.43101100
0.56906300
0.72081100
0.77911900
0.78753500
0.74311600
0.65953500
0.51191600
0.25860200
0.11007600
0.01332200
0.00000000
0.00000000
0.00000000
0.00000000
0.00000000
0.00000000
0.00000000
0.00000000
0.00000000
0.00000000
0.00000000
0.04184400
0.19378900
0.44849200
0.60791200
0.71028000
0.70574800
0.75832700
0.42749800
0.36221700
0.10221800
0.06227200
0.07313700
0.01021000
0.00000000
0.00000000
0.00000000
0.00000000
0.00000000
0.00000000
0.00000000
0.00000000
0.00000000
0.00000000
0.00000000
0.00000000
0.04109300
0.17020100
0.28936600
0.44906000
0.56102700
0.73994800
0.69994100
0.61641100
0.48468500
0.31020000
0.11984500
0.01585900
0.00000000
0.00000000
0.00000000
0.00000000
0.00000000
0.00000000
0.00000000
0.00000000
0.00000000
0.00000000
0.00000000
0.04720200
0.22404300
0.42792500
0.59525600
0.70383900
0.76633700
0.79290200
0.74167100
0.65984100
0.52715800
0.34159000
0.12427600
0.01512300
0.00000000
0.00000000
0.00000000
0.00000000
0.00000000
0.00000000
0.00000000
0.00000000
0.00000000
0.00000000
0.00000000
0.04725600
0.24372500
0.45083300
0.55514100
0.73691200
0.78966400
0.78988300
0.70150900
0.53656100
0.43724400
0.27091400
0.08263800
0.01456700
0.00000000
0.00000000
0.00000000
0.00000000
0.00000000
0.00000000
0.00000000
0.00000000
0.00000000
0.00000000
0.00000000
0.00948500
0.00331600
0.03379200
0.25621500
0.51819300
0.19919200
0.03114800
0.14743700
0.03696900
0.06971600
0.06324600
0.11990400
0.02022600
0.00000000
0.00000000
0.00000000
0.00000000
0.00000000
0.00000000
0.00000000
0.00000000
0.00000000
0.00000000
0.00000000
0.01052400
0.23563400
0.45122100
0.38599500
0.74603100
0.79744800
0.81326500
0.78501300
0.67942200
0.53167700
0.33298400
0.12593000
0.02279400
0.00000000
0.00000000
0.00000000
0.00000000
0.00000000
0.00000000
0.00000000
0.00000000
0.00000000
0.00000000
0.00000000
0.04860300
0.18109300
0.37379000
0.49658900
0.50109900
0.68600800
0.34228700
0.58669300
0.21318500
0.26740600
0.04402600
0.08744300
0.01817400
0.00000000
0.00000000
0.00000000
0.00000000
0.00000000
0.00000000
0.00000000
0.00000000
0.00000000
0.00000000
0.00000000
0.01636800
0.05527700
0.15754800
0.29442700
0.27069200
0.23387200
0.18098200
0.17571200
0.13647900
0.07194100
0.06727800
0.01623800
0.00124400
0.00000000
0.00000000
0.00000000
0.00000000
0.00000000
0.00000000
0.00000000
0.00000000
0.00000000
0.00000000
0.00000000
0.05269800
0.25738500
0.48082500
0.51782000
0.43604700
0.68889900
0.34865800
0.65292400
0.50652700
0.40636200
0.34480200
0.12663300
0.02115600
0.00000000
0.00000000
0.00000000
0.00000000
0.00000000
0.00000000
0.00000000
0.00000000
0.00000000
0.00000000
0.00238600
0.05681600
0.24360100
0.44727600
0.60096900
0.70037800
0.75001500
0.75471000
0.72218700
0.63894800
0.51043700
0.32919600
0.12273300
0.02062900
0.00000000
0.00000000
0.00000000
0.00000000
0.00000000
0.00000000
0.00000000
0.00000000
0.00000000
0.00000000
0.00000000
0.04115600
0.13050200
0.28379700
0.44501800
0.71670700
0.76716200
0.77212900
0.73311800
0.64395500
0.36478900
0.25015300
0.09977000
0.02360900
0.00000000
0.00000000
0.00000000
0.00000000
0.00000000
0.00000000
0.00000000
0.00000000
0.00000000
0.00000000
0.00000000
0.00748100
0.06050400
0.11220600
0.23921400
0.37435900
0.21680000
0.15541700
0.17691000
0.17906000
0.07887800
0.14568500
0.00334200
0.00114500
0.00000000
0.00000000
0.00000000
0.00000000
0.00000000
0.00000000
0.00000000
0.00000000
0.00000000
0.00000000
0.00523200
0.05879200
0.23870200
0.43550300
0.59019500
0.69444400
0.74588600
0.75117300
0.70931500
0.62086700
0.49469500
0.30562700
0.11800300
0.02275300
0.00000000
0.00000000
0.00000000
0.00000000
0.00000000
0.00000000
0.00000000
0.00000000
0.00000000
0.00000000
0.00592200
0.05522900
0.23395900
0.42516500
0.56860000
0.65463600
0.72676600
0.73404400
0.69601600
0.61018800
0.46752400
0.26746000
0.10897300
0.02454300
0.00000000
0.00000000
0.00000000
0.00000000
0.00000000
0.00000000
0.00000000
0.00000000
0.00000000
0.00000000
0.00000000
0.04643900
0.22949600
0.34921700
0.47546200
0.59369700
0.65265000
0.68732500
0.65170700
0.61244900
0.47206500
0.31080700
0.11826700
0.02422700
0.00000000
0.00000000
0.00000000
0.00000000
0.00000000
0.00000000
0.00000000
0.00000000
0.00000000
0.00000000
0.00000000
0.00936500
0.04546500
0.08933800
0.30166700
0.55842400
0.18013000
0.36037600
0.29552400
0.19296000
0.20126400
0.20710000
0.06258700
0.01886000
0.00000000
0.00000000
0.00000000
0.00000000
0.00000000
0.00000000
0.00000000
0.00000000
0.00000000
0.00000000
0.00257900
0.06114000
0.16640400
0.26163600
0.41429700
0.29366500
0.27456200
0.18340500
0.26918400
0.16127800
0.27169600
0.07458200
0.01383100
0.00000000
0.00000000
0.00000000
0.00000000
0.00000000
0.00000000
0.00000000
0.00000000
0.00000000
0.00000000
0.00000000
0.00000000
0.00181400
0.05847700
0.15620400
0.17108100
0.33405900
0.44786800
0.54851200
0.20235300
0.28386200
0.17012000
0.30134100
0.10701800
0.02635800
0.00000000
0.00000000
0.00000000
0.00000000
0.00000000
0.00000000
0.00000000
0.00000000
0.00000000
0.00000000
0.00881600
0.06325300
0.13314900
0.20195700
0.25620700
0.15301500
0.45205000
0.47427000
0.57003900
0.15050900
0.12169200
0.26673400
0.02621500
0.01898500
0.00000000
0.00000000
0.00000000
0.00000000
0.00000000
0.00000000
0.00000000
0.00000000
0.00000000
0.00000000
0.00000000
0.01240500
0.17091900
0.26695300
0.28059000
0.63167800
0.66595800
0.59445200
0.56830900
0.49468300
0.21602900
0.20037800
0.10403300
0.03022300
0.00000000
0.00000000
0.00000000
0.00000000
0.00000000
0.00000000
0.00000000
0.00000000
0.00000000
0.00000000
0.01241500
0.06829200
0.22327800
0.34976200
0.50029800
0.61587900
0.66236400
0.66612300
0.40029000
0.25416500
0.19977700
0.00862200
0.12446700
0.03356800
0.00000000
0.00000000
0.00000000
0.00000000
0.00000000
0.00000000
0.00000000
0.00000000
0.00000000
0.00000000
0.01377100
0.07110600
0.22470800
0.39506500
0.52666400
0.61546500
0.66047600
0.66826500
0.55869600
0.43828800
0.45590900
0.24678700
0.11131700
0.03277100
0.00000000
0.00000000
0.00000000
0.00000000
0.00000000
0.00000000
0.00000000
0.00000000
0.00000000
0.00000000
0.00000000
0.02425200
0.13953600
0.20596400
0.26668800
0.26712800
0.38366500
0.39263500
0.37369300
0.35658200
0.31223900
0.22237300
0.11525700
0.01577300
0.00000000
0.00000000
0.00000000
0.00000000
0.00000000
0.00000000
0.00000000
0.00000000
0.00000000
0.00000000
0.01500700
0.07125500
0.16416100
0.22049500
0.55882800
0.51059700
0.70239800
0.71071100
0.43022900
0.29233900
0.34008200
0.20017300
0.12013900
0.03248500
0.00000000
0.00000000
0.00000000
0.00000000
0.00000000
0.00000000
0.00000000
0.00000000
0.00000000
0.00000000
0.00711900
0.06822500
0.12845400
0.16044600
0.18962700
0.42314700
0.33788200
0.35203000
0.25633100
0.22696200
0.21502500
0.08351600
0.06632700
0.01840500
0.00000000
0.00000000
0.00000000
0.00000000
0.00000000
0.00000000
0.00000000
0.00000000
0.00000000
0.00000000
0.01511500
0.04721000
0.12444700
0.12739100
0.24688100
0.24333600
0.28311500
0.29708400
0.44345600
0.39235800
0.26515100
0.14688400
0.07559500
0.03352300
0.00000000
0.00000000
0.00000000
0.00000000
0.00000000
0.00000000
0.00000000
0.00000000
0.00000000
0.00000000
0.00000000
0.05368900
0.14445500
0.26727400
0.37119600
0.56567300
0.60251600
0.55498100
0.32690100
0.30198400
0.27901100
0.07510700
0.11497500
0.02660000
0.00000000
0.00000000
0.00000000
0.00000000
0.00000000
0.00000000
0.00000000
0.00000000
0.00000000
0.00000000
0.01675700
0.06300500
0.23162500
0.41443600
0.55741900
0.64871300
0.68801200
0.69392300
0.66115200
0.50436600
0.39089300
0.21674300
0.11041200
0.01821000
0.00000000
0.00000000
0.00000000
0.00000000
0.00000000
0.00000000
0.00000000
0.00000000
0.00000000
0.00000000
0.01723100
0.06955900
0.21570300
0.38451200
0.51728300
0.60662200
0.65270800
0.65151000
0.62055000
0.54915100
0.43464300
0.28136000
0.11812000
0.03544200
0.00000000
0.00000000
0.00000000
0.00000000
0.00000000
0.00000000
0.00000000
0.00000000
0.00000000
0.00000000
0.01963500
0.06956400
0.22671000
0.39505300
0.52553200
0.61397300
0.66000200
0.65860900
0.62479400
0.55836400
0.44290800
0.28592500
0.11361900
0.03092600
0.00000000
0.00000000
0.00000000
0.00000000
0.00000000
0.00000000
0.00000000
0.00000000
0.00000000
0.00000000
0.01900000
0.06668000
0.22514200
0.38904000
0.51333800
0.61438300
0.65223500
0.65164200
0.60224400
0.29410500
0.07484800
0.23305300
0.07594100
0.04153800
0.00000000
0.00000000
0.00000000
0.00000000
0.00000000
0.00000000
0.00000000
0.00000000
0.00000000
0.00000000
0.01867400
0.06195300
0.23404000
0.42112900
0.55962400
0.65253900
0.70376900
0.70790500
0.67374800
0.59649000
0.47424000
0.30867300
0.11695200
0.02857500
0.00000000
0.00000000
0.00000000
0.00000000
0.00000000
0.00000000
0.00000000
0.00000000
0.00000000
0.00000000
0.01971600
0.01221800
0.03810500
0.14214800
0.32994100
0.63303400
0.65208700
0.66143800
0.62525500
0.57000200
0.44878400
0.29157100
0.11799700
0.03408900
0.00000000
0.00000000
0.00000000
0.00000000
0.00000000
0.00000000
0.00000000
0.00000000
0.00000000
0.00000000
0.01058200
0.07291700
0.16986300
0.33228500
0.39808800
0.52869900
0.66300300
0.66878700
0.63008500
0.53579100
0.42167900
0.04909700
0.09729100
0.02083700
0.00000000
0.00000000
0.00000000
0.00000000
0.00000000
0.00000000
0.00000000
0.00000000
0.00000000
0.00000000
0.01895100
0.07216200
0.22651900
0.39726700
0.53036700
0.63179900
0.67539700
0.67947400
0.65234900
0.59024500
0.47099200
0.30006200
0.11441400
0.03493600
0.00000000
0.00000000
0.00000000
0.00000000
0.00000000
0.00000000
0.00000000
0.00000000
0.00000000
0.00000000
0.02493400
0.07685600
0.23893500
0.22337100
0.20314000
0.44619400
0.47920400
0.52542500
0.59109600
0.27690400
0.36864600
0.12960900
0.08962400
0.04183500
0.00000000
0.00000000
0.00000000
0.00000000
0.00000000
0.00000000
0.00000000
0.00000000
0.00000000
0.00000000
0.02047500
0.05944500
0.20654900
0.31605200
0.59185300
0.68634800
0.73536300
0.71468900
0.67674600
0.59954200
0.47717900
0.31014900
0.12032800
0.03167000
0.00000000
0.00000000
0.00000000
0.00000000
0.00000000
0.00000000
0.00000000
0.00000000
0.00000000
0.00000000
0.02279300
0.06189400
0.23913300
0.42341300
0.56085600
0.65181300
0.69735600
0.70051200
0.66739800
0.59303700
0.47264100
0.30819600
0.11878900
0.02993700
0.00000000
0.00000000
0.00000000
0.00000000
0.00000000
0.00000000
0.00000000
0.00000000
0.00000000
0.00000000
0.02188200
0.06035100
0.23736400
0.41610800
0.54836200
0.63565600
0.67818900
0.67873100
0.64348800
0.56724800
0.40170500
0.24537000
0.10134600
0.02845000
0.00000000
0.00000000
0.00000000
0.00000000
0.00000000
0.00000000
0.00000000
0.00000000
0.00000000
0.00000000
0.00860700
0.07460800
0.22744500
0.38091400
0.50704500
0.56440500
0.51870100
0.48382500
0.22244100
0.24980500
0.17210400
0.03492000
0.05366800
0.00386200
0.00000000
0.00000000
0.00000000
0.00000000
0.00000000
0.00000000
0.00000000
0.00000000
0.00000000
0.00000000
0.02440400
0.06626700
0.22798700
0.40271300
0.53851100
0.62280600
0.66681400
0.67289100
0.65976700
0.41082100
0.46574300
0.29262100
0.11667600
0.03424300
0.00186800
0.00000000
0.00000000
0.00000000
0.00000000
0.00000000
0.00000000
0.00000000
0.00000000
0.00000000
0.02388900
0.06271100
0.22898500
0.40404600
0.53634700
0.61843600
0.66067200
0.66276500
0.62965800
0.55852900
0.44461700
0.29021500
0.12413900
0.03609100
0.00219100
0.00000000
0.00000000
0.00000000
0.00000000
0.00000000
0.00000000
0.00000000
0.00000000
0.00000000
0.02642300
0.07020400
0.22999100
0.40488100
0.49868500
0.62986100
0.68995100
0.69688100
0.57582100
0.58136400
0.45540900
0.24402500
0.12623700
0.04559400
0.00074000
0.00000000
0.00000000
0.00000000
0.00000000
0.00000000
0.00000000
0.00000000
0.00000000
0.00000000
0.02303300
0.07633300
0.19761500
0.34164600
0.43241900
0.62636000
0.67196900
0.27260600
0.42764700
0.56682400
0.43500400
0.15965000
0.12962900
0.04528700
0.00223600
0.00000000
0.00000000
0.00000000
0.00000000
0.00000000
0.00000000
0.00000000
0.00000000
0.00000000
0.02440700
0.06100000
0.23246400
0.40577500
0.53707200
0.62460500
0.66731500
0.66823400
0.63051600
0.55386000
0.44313200
0.28768800
0.11070800
0.03621100
0.00380400
0.00000000
0.00000000
0.00000000
0.00000000
0.00000000
0.00000000
0.00000000
0.00000000
0.00000000
0.02418000
0.07344600
0.18318900
0.07694800
0.11301600
0.18821100
0.12540800
0.40270200
0.37996300
0.33610300
0.09527400
0.04498800
0.10688400
0.04297500
0.00220800
0.00000000
0.00000000
0.00000000
0.00000000
0.00000000
0.00000000
0.00000000
0.00000000
0.00000000
0.02379000
0.07228800
0.20399700
0.37332900
0.47120600
0.56296200
0.60433700
0.61536000
0.47998400
0.23837500
0.08949000
0.10377200
0.03621700
0.02400600
0.00000000
0.00000000
0.00000000
0.00000000
0.00000000
0.00000000
0.00000000
0.00000000
0.00000000
0.00000000
0.02570300
0.06734900
0.19472700
0.31461900
0.50288700
0.65029600
0.69367500
0.71124100
0.67675700
0.58688300
0.46596100
0.30419400
0.13025000
0.00005500
0.00836600
0.00000000
0.00000000
0.00000000
0.00000000
0.00000000
0.00000000
0.00000000
0.00000000
0.00000000
0.02715300
0.06415300
0.23907000
0.43030900
0.48406500
0.68015200
0.55891700
0.73737600
0.69735600
0.61306700
0.48797600
0.31960200
0.12669600
0.03015600
0.00570400
0.00000000
0.00000000
0.00000000
0.00000000
0.00000000
0.00000000
0.00000000
0.00000000
0.00000000
0.02386300
0.06013600
0.23447300
0.42345100
0.56996800
0.65056200
0.69619900
0.70047900
0.66604800
0.59053000
0.47136300
0.30914500
0.12304700
0.03293600
0.00620200
0.00000000
0.00000000
0.00000000
0.00000000
0.00000000
0.00000000
0.00000000
0.00000000
0.00000000
0.01489200
0.07638500
0.18035800
0.14507300
0.30632900
0.42514600
0.65167400
0.52467500
0.60616000
0.55846300
0.46785800
0.29002400
0.12746500
0.04728500
0.00244400
0.00000000
0.00000000
0.00000000
0.00000000
0.00000000
0.00000000
0.00000000
0.00000000
0.00000000
0.01082200
0.04619400
0.07272400
0.13975200
0.15181900
0.19193300
0.18500100
0.20258900
0.17978900
0.28742300
0.15298400
0.16525000
0.06186500
0.00000000
0.00000000
0.00000000
0.00000000
0.00000000
0.00000000
0.00000000
0.00000000
0.00000000
0.00000000
0.00000000
0.01314300
0.07823200
0.15601700
0.28865300
0.31048300
0.33828800
0.39376100
0.37413000
0.32428400
0.35875100
0.22077800
0.24274900
0.04250400
0.01299100
0.00000000
0.00000000
0.00000000
0.00000000
0.00000000
0.00000000
0.00000000
0.00000000
0.00000000
0.00000000
0.00407000
0.00556000
0.18052800
0.14810300
0.33556000
0.38527900
0.46633600
0.15049000
0.14607200
0.23028300
0.25308400
0.26207600
0.13727500
0.04931700
0.00538100
0.00000000
0.00000000
0.00000000
0.00000000
0.00000000
0.00000000
0.00000000
0.00000000
0.00000000
0.02290600
0.07604900
0.19320200
0.30728200
0.52155900
0.60952300
0.65406900
0.66245100
0.62792200
0.55804700
0.39582100
0.27916700
0.12164000
0.03262500
0.01232300
0.00000000
0.00000000
0.00000000
0.00000000
0.00000000
0.00000000
0.00000000
0.00000000
0.00000000
0.02153800
0.03936800
0.15148100
0.17983800
0.24961800
0.28096700
0.29684100
0.19024400
0.21497400
0.20416100
0.13243000
0.19748300
0.08954300
0.04499700
0.00844100
0.00000000
0.00000000
0.00000000
0.00000000
0.00000000
0.00000000
0.00000000
0.00000000
0.00000000
0.02415400
0.05664400
0.14322300
0.16416000
0.16190100
0.56135000
0.39443000
0.29151200
0.47858100
0.47587700
0.35992300
0.17384300
0.11486100
0.03773600
0.00156600
0.00000000
0.00000000
0.00000000
0.00000000
0.00000000
0.00000000
0.00000000
0.00000000
0.00000000
0.02663000
0.05988700
0.21336500
0.38675600
0.51911400
0.61209400
0.65693100
0.66132200
0.62533800
0.55444800
0.30539000
0.25730900
0.09313200
0.04861700
0.00374500
0.00000000
0.00000000
0.00000000
0.00000000
0.00000000
0.00000000
0.00000000
0.00000000
0.00000000
0.00000000
0.01197400
0.02605200
0.05420900
0.26839400
0.15357700
0.28022100
0.30713400
0.14170200
0.37017600
0.41939200
0.26799600
0.12767600
0.03944100
0.00953900
0.00000000
0.00000000
0.00000000
0.00000000
0.00000000
0.00000000
0.00000000
0.00000000
0.00000000
0.01146700
0.06522000
0.16925800
0.20890100
0.19511600
0.32325600
0.58258000
0.69239400
0.65189800
0.58166800
0.46853500
0.30889800
0.12955000
0.03815400
0.00945400
0.00000000
0.00000000
0.00000000
0.00000000
0.00000000
0.00000000
0.00000000
0.00000000
0.00000000
0.02589000
0.05884600
0.21785400
0.40266100
0.54168800
0.63325400
0.57542900
0.66310500
0.56647300
0.45973600
0.42122400
0.26102200
0.13858700
0.04846200
0.00901500
0.00000000
0.00000000
0.00000000
0.00000000
0.00000000
0.00000000
0.00000000
0.00000000
0.00000000
0.00309400
0.05002000
0.08949500
0.09686300
0.12139100
0.19126300
0.35020100
0.38085200
0.50216200
0.58233500
0.45761700
0.30367000
0.13174100
0.03948200
0.00990700
0.00000000
0.00000000
0.00000000
0.00000000
0.00000000
0.00000000
0.00000000
0.00000000
0.00000000
0.02365800
0.05527100
0.20861100
0.33591900
0.52089100
0.61026200
0.66073600
0.54614600
0.60778600
0.29489200
0.14052000
0.30659600
0.12503300
0.03621100
0.00933200
0.00000000
0.00000000
0.00000000
0.00000000
0.00000000
0.00000000
0.00000000
0.00000000
0.00000000
0.02622200
0.05222400
0.20553500
0.24716400
0.46461800
0.51450500
0.56017700
0.69662300
0.66460500
0.57416000
0.46447300
0.31242700
0.13093100
0.03189900
0.01022900
0.00000000
0.00000000
0.00000000
0.00000000
0.00000000
0.00000000
0.00000000
0.00000000
0.00000000
0.02712500
0.05165600
0.21878500
0.40403900
0.54760800
0.64267100
0.67018400
0.67931100
0.65005000
0.57721900
0.46706100
0.31211800
0.13334100
0.03381100
0.01017600
0.00000000
0.00000000
0.00000000
0.00000000
0.00000000
0.00000000
0.00000000
0.00000000
0.00000000
0.02270400
0.05117700
0.21532100
0.38978300
0.52410000
0.61597400
0.66139900
0.66719200
0.63708700
0.56830200
0.45755700
0.30627100
0.12847300
0.03389300
0.01071800
0.00000000
0.00000000
0.00000000
0.00000000
0.00000000
0.00000000
0.00000000
0.00000000
0.00000000
0.02557000
0.05694200
0.20782800
0.37284500
0.50180000
0.59117000
0.63603000
0.64225200
0.59160700
0.49137200
0.37043500
0.25761300
0.13418700
0.04306800
0.00983800
0.00000000
0.00000000
0.00000000
0.00000000
0.00000000
0.00000000
0.00000000
0.00000000
0.00000000
0.02512200
0.07207500
0.16206100
0.35866600
0.46175900
0.34104000
0.43491400
0.58485600
0.33444700
0.52783100
0.30612300
0.28869100
0.13846000
0.04811100
0.00872800
0.00000000
0.00000000
0.00000000
0.00000000
0.00000000
0.00000000
0.00000000
0.00000000
0.00000000
0.02827500
0.07287600
0.20103700
0.35563200
0.44328600
0.58173500
0.62429800
0.65163600
0.62071400
0.55279100
0.44208100
0.29181500
0.13275600
0.04149500
0.00956600
0.00000000
0.00000000
0.00000000
0.00000000
0.00000000
0.00000000
0.00000000
0.00000000
0.00000000
0.02455200
0.06006800
0.19950100
0.35814700
0.39318100
0.55938400
0.64923300
0.65971600
0.63062200
0.54709300
0.43975800
0.27315400
0.13322300
0.04175300
0.01075000
0.00000000
0.00000000
0.00000000
0.00000000
0.00000000
0.00000000
0.00000000
0.00000000
0.00000000
0.00436300
0.02461000
0.13297300
0.25537000
0.33669800
0.49499000
0.49347800
0.23030500
0.46446700
0.54633400
0.29723400
0.07380600
0.10236400
0.04886800
0.00140600
0.00000000
0.00000000
0.00000000
0.00000000
0.00000000
0.00000000
0.00000000
0.00000000
0.00000000
0.00217600
0.07216600
0.17678000
0.36359200
0.49944200
0.59399400
0.62486900
0.62775500
0.59880100
0.53571700
0.23222900
0.27655000
0.13114800
0.04677000
0.01011100
0.00000000
0.00000000
0.00000000
0.00000000
0.00000000
0.00000000
0.00000000
0.00000000
0.00000000
0.02454700
0.06835500
0.12985800
0.14186600
0.15970800
0.25457800
0.18503000
0.18908700
0.12792100
0.11857400
0.20111000
0.12011200
0.00499600
0.00000000
0.00000000
0.00000000
0.00000000
0.00000000
0.00000000
0.00000000
0.00000000
0.00000000
0.00000000
0.00000000
0.02482400
0.06499600
0.05566800
0.22499500
0.24171800
0.29514400
0.30013200
0.34567100
0.09335600
0.09327900
0.09223400
0.05367100
0.00964400
0.03522600
0.00156900
0.00000000
0.00000000
0.00000000
0.00000000
0.00000000
0.00000000
0.00000000
0.00000000
0.00000000
0.01807700
0.07180700
0.16316500
0.33191500
0.41090300
0.45153700
0.51543000
0.56336300
0.49147500
0.55094600
0.44185400
0.29746400
0.13735500
0.03918000
0.01100600
0.00000000
0.00000000
0.00000000
0.00000000
0.00000000
0.00000000
0.00000000
0.00000000
0.00000000
0.02476500
0.06917800
0.15070000
0.26561100
0.32789300
0.44125800
0.65957200
0.33250100
0.42981400
0.55302100
0.44116400
0.27919100
0.13547000
0.03735600
0.01039600
0.00000000
0.00000000
0.00000000
0.00000000
0.00000000
0.00000000
0.00000000
0.00000000
0.00000000
0.02295500
0.06418700
0.16982400
0.23348900
0.29266100
0.37343500
0.56981300
0.60486700
0.60004400
0.57136800
0.32045700
0.22792600
0.11689400
0.03936100
0.01101200
0.00000000
0.00000000
0.00000000
0.00000000
0.00000000
0.00000000
0.00000000
0.00000000
0.00000000
0.02251000
0.05065000
0.20953600
0.39661900
0.54348700
0.64194500
0.69291100
0.67534900
0.64848000
0.57757600
0.46763300
0.31597800
0.13593900
0.03098300
0.01063700
0.00000000
0.00000000
0.00000000
0.00000000
0.00000000
0.00000000
0.00000000
0.00000000
0.00000000
0.02215800
0.04655300
0.20766400
0.38572700
0.50653400
0.56704800
0.63591600
0.63789800
0.61316600
0.54993800
0.34915200
0.27498000
0.08668200
0.05064500
0.01007600
0.00000000
0.00000000
0.00000000
0.00000000
0.00000000
0.00000000
0.00000000
0.00000000
0.00000000
0.02569100
0.06871500
0.19952300
0.34724000
0.46962000
0.56515100
0.52033800
0.63094200
0.58639500
0.52174000
0.42150800
0.28799800
0.14369900
0.05646300
0.00778900
0.00000000
0.00000000
0.00000000
0.00000000
0.00000000
0.00000000
0.00000000
0.00000000
0.00000000
0.02504600
0.07044800
0.17408600
0.28950900
0.41693700
0.32300400
0.53811500
0.12343000
0.22584200
0.28725300
0.23448200
0.09222800
0.12475000
0.00000000
0.00000000
0.00000000
0.00000000
0.00000000
0.00000000
0.00000000
0.00000000
0.00000000
0.00000000
0.00000000
0.02078400
0.06873500
0.16185800
0.10863100
0.19785000
0.29551900
0.50559600
0.35970400
0.27390700
0.28290600
0.25509000
0.03453200
0.13929100
0.03647200
0.00921100
0.00000000
0.00000000
0.00000000
0.00000000
0.00000000
0.00000000
0.00000000
0.00000000
0.00000000
0.02008900
0.04588300
0.19673500
0.37688900
0.46698300
0.61311300
0.66107200
0.63217800
0.64674600
0.55806500
0.39153300
0.29200000
0.12499600
0.05056900
0.00655100
0.00000000
0.00000000
0.00000000
0.00000000
0.00000000
0.00000000
0.00000000
0.00000000
0.00000000
0.02024800
0.06416000
0.16246400
0.36627500
0.20159200
0.49840200
0.41150800
0.32739800
0.12131500
0.49633300
0.44779900
0.30165100
0.13577000
0.03561000
0.00918500
0.00000000
0.00000000
0.00000000
0.00000000
0.00000000
0.00000000
0.00000000
0.00000000
0.00000000
0.00000000
0.06436800
0.15267100
0.27852600
0.22794600
0.60359600
0.34216800
0.33678600
0.51633100
0.50648700
0.36775900
0.30488400
0.13354500
0.03241000
0.00890800
0.00000000
0.00000000
0.00000000
0.00000000
0.00000000
0.00000000
0.00000000
0.00000000
0.00000000
0.01712100
0.04208800
0.19978400
0.37874900
0.52110300
0.61548500
0.66560200
0.67250100
0.64339300
0.57267500
0.46086000
0.31101000
0.13354000
0.03234400
0.00829100
0.00000000
0.00000000
0.00000000
0.00000000
0.00000000
0.00000000
0.00000000
0.00000000
0.00000000
0.01908700
0.05189900
0.18901600
0.34531700
0.46987000
0.55809900
0.60443700
0.61559100
0.58423900
0.52132700
0.42176100
0.27820100
0.13693400
0.04493200
0.00728700
0.00000000
0.00000000
0.00000000
0.00000000
0.00000000
0.00000000
0.00000000
0.00000000
0.00000000
0.01643400
0.06378900
0.15204000
0.29281000
0.45940500
0.54409700
0.56896500
0.55460800
0.51737100
0.37227900
0.38732800
0.24230100
0.10451900
0.04656300
0.00265200
0.00000000
0.00000000
0.00000000
0.00000000
0.00000000
0.00000000
0.00000000
0.00000000
0.00000000
0.01629000
0.06844100
0.18497300
0.32742000
0.44864300
0.26256500
0.52559000
0.59263600
0.56144500
0.33721400
0.07318300
0.00319300
0.10126700
0.04506200
0.00000000
0.00000000
0.00000000
0.00000000
0.00000000
0.00000000
0.00000000
0.00000000
0.00000000
0.00000000
0.01529600
0.07404600
0.14293100
0.31891400
0.43946900
0.53679600
0.58370700
0.59285600
0.47208100
0.50604400
0.31046300
0.02665900
0.12753700
0.01519500
0.00000000
0.00000000
0.00000000
0.00000000
0.00000000
0.00000000
0.00000000
0.00000000
0.00000000
0.00000000
0.01832400
0.06864400
0.18750200
0.33219400
0.45862500
0.54307800
0.59235300
0.49490700
0.43815000
0.44567600
0.36069300
0.23776800
0.12686700
0.05050000
0.00434700
0.00000000
0.00000000
0.00000000
0.00000000
0.00000000
0.00000000
0.00000000
0.00000000
0.00000000
0.00000000
0.05586600
0.04233600
0.11014400
0.03484300
0.29375000
0.25565700
0.39022000
0.38282200
0.35540500
0.07517900
0.16344600
0.12748700
0.04398900
0.00133800
0.00000000
0.00000000
0.00000000
0.00000000
0.00000000
0.00000000
0.00000000
0.00000000
0.00000000
0.01421800
0.06187100
0.16414700
0.20785900
0.15646900
0.17453700
0.20248400
0.47510900
0.54639700
0.46454800
0.34657900
0.23486800
0.14673900
0.05285600
0.00417800
0.00000000
0.00000000
0.00000000
0.00000000
0.00000000
0.00000000
0.00000000
0.00000000
0.00000000
0.01471600
0.05962500
0.16832700
0.23996500
0.31982200
0.56547200
0.61041500
0.61913300
0.58442000
0.51961200
0.41899600
0.28997700
0.14591700
0.05131000
0.00201500
0.00000000
0.00000000
0.00000000
0.00000000
0.00000000
0.00000000
0.00000000
0.00000000
0.00000000
0.01559400
0.05840900
0.10717000
0.36442100
0.50560000
0.59438200
0.46304600
0.68188800
0.64776700
0.58374100
0.46920700
0.31668400
0.08871100
0.03516400
0.00553900
0.00000000
0.00000000
0.00000000
0.00000000
0.00000000
0.00000000
0.00000000
0.00000000
0.00000000
0.01427400
0.03915700
0.19063400
0.36691500
0.51924500
0.61586200
0.66691900
0.67604100
0.62452500
0.55999100
0.45437900
0.31062300
0.13888200
0.03152400
0.00513900
0.00000000
0.00000000
0.00000000
0.00000000
0.00000000
0.00000000
0.00000000
0.00000000
0.00000000
0.00000000
0.05456400
0.15054400
0.31406000
0.43000300
0.57224500
0.62334500
0.63558200
0.60398100
0.53849000
0.43867000
0.29753600
0.13623400
0.03735900
0.00351200
0.00000000
0.00000000
0.00000000
0.00000000
0.00000000
0.00000000
0.00000000
0.00000000
0.00000000
0.01159000
0.05915900
0.01119600
0.02464300
0.06885700
0.07182700
0.20121100
0.66050800
0.62405100
0.55712500
0.45276700
0.20671200
0.04228800
0.03658300
0.00428800
0.00000000
0.00000000
0.00000000
0.00000000
0.00000000
0.00000000
0.00000000
0.00000000
0.00000000
0.01132000
0.03798700
0.19120500
0.36718900
0.50359400
0.61468800
0.64491100
0.65346000
0.62434700
0.55932400
0.38655800
0.29825100
0.13967300
0.03428500
0.00568000
0.00000000
0.00000000
0.00000000
0.00000000
0.00000000
0.00000000
0.00000000
0.00000000
0.00000000
0.01196300
0.04391200
0.18753300
0.31537900
0.19606200
0.26176600
0.11021100
0.18794100
0.33956200
0.55821900
0.31326300
0.19562700
0.09595000
0.00000000
0.00000000
0.00000000
0.00000000
0.00000000
0.00000000
0.00000000
0.00000000
0.00000000
0.00000000
0.00000000
0.01180200
0.05495400
0.18943200
0.36918300
0.51458800
0.61155500
0.66205100
0.66993400
0.64020100
0.57147500
0.46325800
0.31367300
0.13650800
0.03129800
0.00350600
0.00000000
0.00000000
0.00000000
0.00000000
0.00000000
0.00000000
0.00000000
0.00000000
0.00000000
0.01190400
0.04607300
0.15138600
0.20354300
0.31246000
0.12839100
0.36133200
0.37084800
0.56176100
0.52550600
0.38433200
0.03041700
0.04981300
0.02683000
0.00000000
0.00000000
0.00000000
0.00000000
0.00000000
0.00000000
0.00000000
0.00000000
0.00000000
0.00000000
0.00149100
0.02969700
0.03107600
0.02986700
0.14487200
0.23060900
0.10758300
0.16996900
0.28705600
0.45249400
0.33782700
0.23392900
0.13867200
0.03145000
0.00180600
0.00000000
0.00000000
0.00000000
0.00000000
0.00000000
0.00000000
0.00000000
0.00000000
0.00000000
0.01005700
0.03535900
0.19399200
0.37797800
0.51901800
0.61085500
0.66016600
0.26501700
0.51047200
0.59612200
0.48090000
0.32519500
0.14177900
0.03172000
0.00104600
0.00000000
0.00000000
0.00000000
0.00000000
0.00000000
0.00000000
0.00000000
0.00000000
0.00000000
0.00986500
0.04002700
0.19162600
0.37499400
0.51826500
0.61150400
0.44955300
0.52470600
0.57504800
0.28373100
0.17557800
0.15820400
0.09446800
0.03216400
0.00000000
0.00000000
0.00000000
0.00000000
0.00000000
0.00000000
0.00000000
0.00000000
0.00000000
0.00000000
0.01041000
0.05237200
0.14429700
0.36318800
0.50075600
0.24012600
0.56507800
0.50947100
0.48045700
0.35456300
0.46118700
0.30936100
0.13849700
0.03237600
0.00000000
0.00000000
0.00000000
0.00000000
0.00000000
0.00000000
0.00000000
0.00000000
0.00000000
0.00000000
0.00854500
0.04592800
0.18845700
0.35801000
0.49478300
0.58168300
0.58230000
0.60198400
0.59263700
0.57309900
0.44504700
0.21646800
0.11441900
0.03786000
0.00000000
0.00000000
0.00000000
0.00000000
0.00000000
0.00000000
0.00000000
0.00000000
0.00000000
0.00000000
0.00834700
0.04025100
0.18688300
0.35887600
0.49301200
0.57873400
0.62826000
0.63499600
0.60695300
0.54608900
0.44486000
0.24795700
0.12288200
0.03614900
0.00000000
0.00000000
0.00000000
0.00000000
0.00000000
0.00000000
0.00000000
0.00000000
0.00000000
0.00000000
0.00000000
0.05049500
0.08036700
0.15364000
0.25428700
0.37513000
0.35259600
0.30694800
0.38917400
0.33310100
0.37230700
0.27854800
0.10208700
0.03698900
0.00000000
0.00000000
0.00000000
0.00000000
0.00000000
0.00000000
0.00000000
0.00000000
0.00000000
0.00000000
0.00000000
0.06147700
0.18017300
0.30830900
0.38750300
0.38464600
0.47523200
0.55824300
0.54900100
0.44386200
0.42394600
0.28375800
0.13644600
0.03189900
0.00000000
0.00000000
0.00000000
0.00000000
0.00000000
0.00000000
0.00000000
0.00000000
0.00000000
0.00000000
0.00638500
0.04479300
0.10203900
0.20361000
0.49606100
0.39204000
0.31456200
0.60597500
0.62350400
0.55843300
0.45931700
0.30898600
0.13209200
0.02516800
0.00000000
0.00000000
0.00000000
0.00000000
0.00000000
0.00000000
0.00000000
0.00000000
0.00000000
0.00000000
0.00537000
0.03544300
0.19004200
0.36613600
0.50206400
0.59356400
0.64229400
0.65193400
0.62617600
0.56128600
0.45465200
0.30841800
0.13077500
0.02507600
0.00000000
0.00000000
0.00000000
0.00000000
0.00000000
0.00000000
0.00000000
0.00000000
0.00000000
0.00000000
0.00514400
0.04251300
0.19024400
0.37228300
0.51761800
0.60982500
0.66051700
0.66725500
0.63480500
0.57291000
0.46972300
0.31209200
0.13522600
0.03016300
0.00000000
0.00000000
0.00000000
0.00000000
0.00000000
0.00000000
0.00000000
0.00000000
0.00000000
0.00000000
0.00174000
0.05608900
0.06631000
0.21059400
0.46909300
0.55202300
0.60271200
0.61183400
0.57803500
0.51288800
0.14767800
0.24966300
0.13440300
0.03536400
0.00000000
0.00000000
0.00000000
0.00000000
0.00000000
0.00000000
0.00000000
0.00000000
0.00000000
0.00000000
0.00376100
0.04174500
0.18803400
0.36442700
0.50393400
0.59594100
0.64535800
0.60081900
0.59860400
0.52378200
0.36946200
0.29734800
0.12706000
0.03239100
0.00000000
0.00000000
0.00000000
0.00000000
0.00000000
0.00000000
0.00000000
0.00000000
0.00000000
0.00000000
0.00000000
0.04746300
0.14468000
0.34184500
0.48370100
0.57203300
0.62442000
0.65297400
0.62791400
0.55390400
0.37210300
0.26651100
0.11536000
0.03426600
0.00000000
0.00000000
0.00000000
0.00000000
0.00000000
0.00000000
0.00000000
0.00000000
0.00000000
0.00000000
0.00000000
0.02478300
0.14034200
0.19228300
0.21248900
0.31373100
0.67465600
0.69157000
0.66179000
0.59310300
0.48257000
0.32321800
0.13183200
0.02441000
0.00000000
0.00000000
0.00000000
0.00000000
0.00000000
0.00000000
0.00000000
0.00000000
0.00000000
0.00000000
0.00000000
0.03960600
0.19267300
0.37475900
0.51305900
0.60635400
0.65375500
0.66406000
0.63174100
0.56573800
0.45717400
0.30500700
0.12991000
0.02724600
0.00000000
0.00000000
0.00000000
0.00000000
0.00000000
0.00000000
0.00000000
0.00000000
0.00000000
0.00000000
0.00000000
0.02214700
0.17682700
0.08206100
0.10644300
0.39475100
0.17998200
0.26085000
0.54372400
0.47375100
0.19745100
0.09850300
0.08618900
0.02516700
0.00000000
0.00000000
0.00000000
0.00000000
0.00000000
0.00000000
0.00000000
0.00000000
0.00000000
0.00000000
0.00000000
0.04559200
0.18067900
0.30845100
0.50387100
0.15743300
0.65709300
0.65452400
0.04525900
0.24376800
0.02175400
0.30468700
0.13162800
0.02430800
0.00000000
0.00000000
0.00000000
0.00000000
0.00000000
0.00000000
0.00000000
0.00000000
0.00000000
0.00000000
0.00000000
0.04266800
0.19393400
0.37685500
0.53638800
0.48619500
0.57868600
0.46141400
0.26678900
0.45239100
0.47495800
0.31442300
0.12937000
0.02209600
0.00000000
0.00000000
0.00000000
0.00000000
0.00000000
0.00000000
0.00000000
0.00000000
0.00000000
0.00000000
0.00000000
0.03606300
0.19736100
0.38007500
0.33709600
0.62115200
0.66296100
0.67043800
0.64039800
0.57191100
0.46295300
0.26530100
0.12805800
0.02342200
0.00000000
0.00000000
0.00000000
0.00000000
0.00000000
0.00000000
0.00000000
0.00000000
0.00000000
0.00000000
0.00000000
0.04382100
0.16403200
0.09912200
0.21740600
0.18168200
0.43320900
0.27464200
0.29284500
0.27222500
0.25411900
0.14769100
0.07091900
0.00957100
0.00000000
0.00000000
0.00000000
0.00000000
0.00000000
0.00000000
0.00000000
0.00000000
0.00000000
0.00000000
0.00000000
0.04961800
0.19800300
0.25065400
0.54648800
0.63913200
0.70678300
0.72377400
0.69027000
0.53170700
0.48621800
0.14811900
0.06583100
0.00730900
0.00000000
0.00000000
0.00000000
0.00000000
0.00000000
0.00000000
0.00000000
0.00000000
0.00000000
0.00000000
0.00000000
0.04003400
0.07729800
0.18860900
0.34159500
0.46491400
0.53205000
0.44931100
0.53350900
0.49485300
0.31222700
0.06026400
0.07274800
0.00362800
0.00000000
0.00000000
0.00000000
0.00000000
0.00000000
0.00000000
0.00000000
0.00000000
0.00000000
0.00000000
0.00000000
0.01485400
0.00661400
0.05610500
0.19049000
0.18233200
0.25091600
0.33519400
0.29909800
0.39716000
0.41366200
0.17004900
0.12242200
0.01513500
0.00000000
0.00000000
0.00000000
0.00000000
0.00000000
0.00000000
0.00000000
0.00000000
0.00000000
0.00000000
0.00000000
0.03995500
0.02807100
0.38403000
0.52973800
0.61791600
0.66900900
0.19409100
0.21809800
0.20777100
0.24516400
0.26698300
0.01217700
0.02347200
0.00000000
0.00000000
0.00000000
0.00000000
0.00000000
0.00000000
0.00000000
0.00000000
0.00000000
0.00000000
0.00000000
0.04629500
0.08029100
0.37877400
0.53019600
0.63328600
0.68208600
0.69209900
0.58975500
0.59164500
0.41523500
0.30863500
0.12103900
0.01890300
0.00000000
0.00000000
0.00000000
0.00000000
0.00000000
0.00000000
0.00000000
0.00000000
0.00000000
0.00000000
0.00000000
0.03880100
0.19938700
0.38486600
0.48931500
0.59624100
0.60458400
0.57490000
0.57045900
0.48988500
0.41910800
0.28338500
0.09668100
0.02041800
0.00000000
0.00000000
0.00000000
0.00000000
0.00000000
0.00000000
0.00000000
0.00000000
0.00000000
0.00000000
0.00000000
0.03792100
0.16974600
0.29097400
0.34532100
0.33529400
0.21212700
0.56711000
0.39400900
0.25417000
0.18618900
0.20245600
0.11726000
0.01890000
0.00000000
0.00000000
0.00000000
0.00000000
0.00000000
0.00000000
0.00000000
0.00000000
0.00000000
0.00000000
0.00000000
0.04130500
0.19942500
0.38934200
0.54287500
0.64080700
0.69544400
0.52113500
0.68357900
0.60444000
0.48551300
0.31818800
0.12108100
0.01426100
0.00000000
0.00000000
0.00000000
0.00000000
0.00000000
0.00000000
0.00000000
0.00000000
0.00000000
0.00000000
0.00000000
0.03620100
0.20415500
0.39069400
0.52561200
0.61417400
0.65818800
0.67144200
0.62872600
0.55728600
0.43685900
0.24643000
0.11547400
0.01640100
0.00000000
0.00000000
0.00000000
0.00000000
0.00000000
0.00000000
0.00000000
0.00000000
0.00000000
0.00000000
0.00000000
0.04238100
0.17142800
0.29119700
0.43686000
0.55808300
0.62947600
0.63831000
0.48881100
0.31080600
0.04895700
0.04524000
0.01949900
0.00000000
0.00000000
0.00000000
0.00000000
0.00000000
0.00000000
0.00000000
0.00000000
0.00000000
0.00000000
0.00000000
0.00000000
0.03914100
0.19808000
0.38215800
0.52329200
0.61396700
0.66124500
0.66874700
0.63545900
0.56645700
0.46758700
0.29839500
0.11401200
0.01244000
0.00000000
0.00000000
0.00000000
0.00000000
0.00000000
0.00000000
0.00000000
0.00000000
0.00000000
0.00000000
0.00000000
0.00449700
0.00667000
0.15350500
0.39070900
0.15651300
0.55683800
0.55771100
0.66818800
0.59221100
0.47439200
0.30874100
0.11461100
0.01115800
0.00000000
0.00000000
0.00000000
0.00000000
0.00000000
0.00000000
0.00000000
0.00000000
0.00000000
0.00000000
0.00000000
0.03571800
0.20642000
0.39822800
0.44364900
0.52642600
0.58265500
0.46616700
0.67086200
0.58720500
0.46987400
0.30294300
0.11185800
0.01038800
0.00000000
0.00000000
0.00000000
0.00000000
0.00000000
0.00000000
0.00000000
0.00000000
0.00000000
0.00000000
0.00000000
0.03555200
0.20828800
0.39854200
0.55474500
0.65224200
0.69706900
0.69450400
0.65898200
0.57673400
0.45579300
0.28942500
0.10654500
0.00965100
0.00000000
0.00000000
0.00000000
0.00000000
0.00000000
0.00000000
0.00000000
0.00000000
0.00000000
0.00000000
0.00000000
0.01541800
0.00655300
0.10020500
0.35418900
0.39139000
0.33764000
0.21825800
0.22268900
0.30822000
0.13374000
0.18486500
0.00875700
0.00000000
0.00000000
0.00000000
0.00000000
0.00000000
0.00000000
0.00000000
0.00000000
0.00000000
0.00000000
0.00000000
0.00000000
0.03304700
0.19974300
0.31928200
0.45927200
0.57435200
0.55117700
0.57993800
0.64218200
0.56452900
0.45194200
0.28834900
0.09048100
0.00926500
0.00000000
0.00000000
0.00000000
0.00000000
0.00000000
0.00000000
0.00000000
0.00000000
0.00000000
0.00000000
0.00000000
0.03523000
0.20092400
0.38577800
0.52970600
0.61837100
0.66621100
0.67149300
0.63869100
0.58548100
0.46610300
0.29571000
0.10442500
0.00578200
0.00000000
0.00000000
0.00000000
0.00000000
0.00000000
0.00000000
0.00000000
0.00000000
0.00000000
0.00000000
0.00000000
0.03768700
0.18703800
0.36486200
0.50269500
0.59531500
0.64216900
0.64704800
0.60543500
0.38451800
0.42217600
0.25503700
0.09542800
0.00325200
0.00000000
0.00000000
0.00000000
0.00000000
0.00000000
0.00000000
0.00000000
0.00000000
0.00000000
0.00000000
0.00000000
0.03566100
0.11987600
0.06167700
0.13176600
0.13590700
0.21320500
0.20946900
0.06828100
0.13622600
0.20173300
0.03720500
0.08942500
0.00064900
0.00000000
0.00000000
0.00000000
0.00000000
0.00000000
0.00000000
0.00000000
0.00000000
0.00000000
0.00000000
0.00000000
0.03461300
0.19817400
0.30871700
0.40416500
0.61914200
0.66006500
0.66340200
0.62787300
0.03434400
0.38649700
0.27209800
0.09227600
0.00278900
0.00000000
0.00000000
0.00000000
0.00000000
0.00000000
0.00000000
0.00000000
0.00000000
0.00000000
0.00000000
0.00000000
0.03423700
0.07467400
0.35926800
0.30345600
0.60226800
0.33076800
0.65821100
0.15844700
0.45529600
0.31844900
0.00000000
0.09161200
0.00059200
0.00000000
0.00000000
0.00000000
0.00000000
0.00000000
0.00000000
0.00000000
0.00000000
0.00000000
0.00000000
0.00000000
0.03457500
0.17888400
0.34744000
0.40734900
0.53540700
0.51615400
0.45109300
0.40181800
0.38342400
0.38698000
0.20443900
0.05872800
0.00000000
0.00000000
0.00000000
0.00000000
0.00000000
0.00000000
0.00000000
0.00000000
0.00000000
0.00000000
0.00000000
0.00000000
0.00582500
0.02471200
0.02618800
0.10311300
0.13332600
0.09630800
0.26670500
0.71217900
0.42202500
0.36700800
0.28902000
0.09530000
0.00000000
0.00000000
0.00000000
0.00000000
0.00000000
0.00000000
0.00000000
0.00000000
0.00000000
0.00000000
0.00000000
0.00000000
0.01143200
0.09081200
0.19671800
0.40033900
0.57009200
0.25115200
0.74522000
0.69275100
0.60775200
0.47696700
0.29457400
0.07961600
0.00000000
0.00000000
0.00000000
0.00000000
0.00000000
0.00000000
0.00000000
0.00000000
0.00000000
0.00000000
0.00000000
0.00000000
0.03369500
0.21714600
0.42106500
0.57732400
0.68113300
0.73662600
0.74176000
0.70032600
0.61436200
0.48227900
0.29056800
0.09227600
0.00000000
0.00000000
0.00000000
0.00000000
0.00000000
0.00000000
0.00000000
0.00000000
0.00000000
0.00000000
0.00000000
0.00000000
0.02549700
0.12929000
0.30499600
0.52657600
0.65848200
0.70578100
0.70905400
0.67030800
0.59178900
0.45880800
0.28287900
0.08913000
0.00000000
0.00000000
0.00000000
0.00000000
0.00000000
0.00000000
0.00000000
0.00000000
0.00000000
0.00000000
0.00000000
0.00000000
0.03330600
0.21293200
0.40938800
0.56021600
0.65393300
0.70376600
0.70766100
0.66611600
0.58397600
0.46036900
0.23392100
0.08851200
0.00000000
0.00000000
0.00000000
0.00000000
0.00000000
0.00000000
0.00000000
0.00000000
0.00000000
0.00000000
0.00000000
0.00000000
0.03236600
0.20280600
0.39106700
0.53293700
0.62981700
0.67690100
0.68135100
0.63901100
0.55461600
0.42561700
0.25689000
0.07748800
0.00000000
0.00000000
0.00000000
0.00000000
0.00000000
0.00000000
0.00000000
0.00000000
0.00000000
0.00000000
0.00000000
0.00000000
0.02402000
0.18333900
0.36305300
0.40796400
0.49202800
0.35591700
0.36419300
0.12807300
0.06860500
0.03837000
0.00597300
0.03236300
0.00000000
0.00000000
0.00000000
0.00000000
0.00000000
0.00000000
0.00000000
0.00000000
0.00000000
0.00000000
0.00000000
0.00000000
0.03328300
0.21923200
0.42373300
0.57767100
0.03301800
0.47428600
0.33501500
0.36911900
0.20973300
0.48007800
0.28611800
0.08295100
0.00000000
0.00000000
0.00000000
0.00000000
0.00000000
0.00000000
0.00000000
0.00000000
0.00000000
0.00000000
0.00000000
0.00000000
0.03379200
0.21682100
0.41428900
0.55559500
0.64418300
0.71331600
0.53944100
0.23634900
0.59015000
0.44465800
0.26171200
0.07407900
0.00000000
0.00000000
0.00000000
0.00000000
0.00000000
0.00000000
0.00000000
0.00000000
0.00000000
0.00000000
0.00000000
0.00000000
0.03090600
0.20012000
0.39296300
0.54645200
0.64463700
0.69037000
0.69632500
0.64846000
0.53899700
0.29513500
0.20174600
0.05593900
0.00000000
0.00000000
0.00000000
0.00000000
0.00000000
0.00000000
0.00000000
0.00000000
0.00000000
0.00000000
0.00000000
0.00000000
0.00008700
0.02666300
0.07623500
0.14764600
0.11090200
0.04966400
0.07857200
0.35050900
0.12144100
0.05030800
0.04119000
0.03215900
0.00000000
0.00000000
0.00000000
0.00000000
0.00000000
0.00000000
0.00000000
0.00000000
0.00000000
0.00000000
0.00000000
0.00000000
0.03466400
0.22901600
0.34373000
0.60403200
0.70648700
0.54957000
0.55155500
0.47159700
0.50517600
0.48136100
0.28423200
0.07700200
0.00000000
0.00000000
0.00000000
0.00000000
0.00000000
0.00000000
0.00000000
0.00000000
0.00000000
0.00000000
0.00000000
0.00000000
0.03498300
0.22453800
0.43456600
0.58916500
0.47742800
0.55847700
0.74365500
0.43669500
0.36375100
0.19873500
0.04795200
0.01105500
0.00000000
0.00000000
0.00000000
0.00000000
0.00000000
0.00000000
0.00000000
0.00000000
0.00000000
0.00000000
0.00000000
0.00000000
0.00000000
0.00233900
0.02359400
0.02275900
0.41474400
0.26440600
0.39234600
0.41173700
0.47353300
0.44264800
0.04638800
0.03156500
0.00000000
0.00000000
0.00000000
0.00000000
0.00000000
0.00000000
0.00000000
0.00000000
0.00000000
0.00000000
0.00000000
0.00000000
0.00000000
0.00618600
0.10289600
0.06630300
0.17217100
0.06255600
0.15993500
0.50808400
0.41429000
0.46979900
0.26907200
0.03615000
0.00000000
0.00000000
0.00000000
0.00000000
0.00000000
0.00000000
0.00000000
0.00000000
0.00000000
0.00000000
0.00000000
0.00000000
0.03469300
0.23124200
0.45190500
0.37526400
0.59357500
0.78512900
0.78627900
0.24061100
0.64681500
0.33172900
0.18782300
0.04664400
0.00000000
0.00000000
0.00000000
0.00000000
0.00000000
0.00000000
0.00000000
0.00000000
0.00000000
0.00000000
0.00000000
0.00000000
0.02408400
0.16090200
0.30412200
0.42445100
0.50997100
0.54876900
0.77861800
0.71935700
0.62184900
0.47140900
0.26797000
0.06311900
0.00000000
0.00000000
0.00000000
0.00000000
0.00000000
0.00000000
0.00000000
0.00000000
0.00000000
0.00000000
0.00000000
0.00000000
0.02810700
0.21152200
0.41922200
0.57751200
0.68077900
0.72881500
0.69615100
0.56681300
0.42297800
0.26225600
0.19687500
0.03411500
0.00000000
0.00000000
0.00000000
0.00000000
0.00000000
0.00000000
0.00000000
0.00000000
0.00000000
0.00000000
0.00000000
0.00000000
0.00000000
0.04152700
0.05163200
0.22285100
0.25502300
0.21661800
0.25001000
0.19189700
0.26696100
0.13228900
0.06522200
0.01125900
0.00000000
0.00000000
0.00000000
0.00000000
0.00000000
0.00000000
0.00000000
0.00000000
0.00000000
0.00000000
0.00000000
0.00000000
0.03449000
0.22430800
0.43281600
0.59786600
0.46346400
0.49092000
0.61589200
0.60201900
0.47486200
0.40639500
0.19228800
0.04851100
0.00000000
0.00000000
0.00000000
0.00000000
0.00000000
0.00000000
0.00000000
0.00000000
0.00000000
0.00000000
0.00000000
0.00000000
0.00000000
0.05016700
0.25523500
0.23678400
0.32113600
0.32945100
0.42807800
0.56588800
0.23833500
0.14932600
0.04106000
0.00546900
0.00000000
0.00000000
0.00000000
0.00000000
0.00000000
0.00000000
0.00000000
0.00000000
0.00000000
0.00000000
0.00000000
0.00000000
0.00488900
0.15147600
0.29125600
0.55589200
0.45974700
0.70606200
0.58851400
0.45018900
0.36850500
0.29268300
0.18574600
0.03185300
0.00000000
0.00000000
0.00000000
0.00000000
0.00000000
0.00000000
0.00000000
0.00000000
0.00000000
0.00000000
0.00000000
0.00000000
0.00022300
0.10663800
0.14767800
0.37509800
0.40900700
0.15026500
0.05952400
0.13385400
0.58749100
0.35210900
0.10418300
0.01315900
0.00000000
0.00000000
0.00000000
0.00000000
0.00000000
0.00000000
0.00000000
0.00000000
0.00000000
0.00000000
0.00000000
0.00000000
0.00103300
0.18620600
0.21721800
0.50288700
0.74762000
0.80152800
0.80284600
0.73808000
0.63522500
0.47886600
0.26522300
0.05542300
0.00000000
0.00000000
0.00000000
0.00000000
0.00000000
0.00000000
0.00000000
0.00000000
0.00000000
0.00000000
0.00000000
0.00000000
0.00564500
0.09900500
0.22831600
0.37428100
0.47036800
0.43548100
0.47139400
0.38767700
0.23907300
0.36156300
0.12814000
0.01942300
0.00000000
0.00000000
0.00000000
0.00000000
0.00000000
0.00000000
0.00000000
0.00000000
0.00000000
0.00000000
0.00000000
0.00000000
0.00000000
0.07914000
0.23217100
0.10124700
0.20435900
0.19480200
0.31468400
0.07591500
0.04836100
0.07785400
0.10589700
0.01019200
0.00000000
0.00000000
0.00000000
0.00000000
0.00000000
0.00000000
0.00000000
0.00000000
0.00000000
0.00000000
0.00000000
0.00000000
0.00568900
0.18352000
0.33894600
0.37918400
0.44340200
0.53102000
0.37978200
0.39886600
0.39805800
0.42857300
0.13762500
0.01690200
0.00000000
0.00000000
0.00000000
0.00000000
0.00000000
0.00000000
0.00000000
0.00000000
0.00000000
0.00000000
0.00000000
0.00000000
0.00000000
0.00631700
0.20175400
0.15109100
0.35352200
0.41921300
0.33787200
0.17198600
0.22901700
0.41300800
0.21823600
0.03645100
0.00000000
0.00000000
0.00000000
0.00000000
0.00000000
0.00000000
0.00000000
0.00000000
0.00000000
0.00000000
0.00000000
0.00000000
0.00000000
0.04366000
0.15723500
0.11605200
0.16797900
0.16880100
0.28919100
0.10816600
0.19271900
0.02122400
0.07239400
0.00239200
0.00000000
0.00000000
0.00000000
0.00000000
0.00000000
0.00000000
0.00000000
0.00000000
0.00000000
0.00000000
0.00000000
0.00000000
0.01167900
0.10774600
0.39402500
0.30354900
0.13040500
0.32988000
0.29206400
0.10675300
0.08828800
0.01039400
0.19343000
0.00893300
0.00000000
0.00000000
0.00000000
0.00000000
0.00000000
0.00000000
0.00000000
0.00000000
0.00000000
0.00000000
0.00000000
0.00000000
0.00000000
0.21055700
0.42363100
0.56307000
0.65448400
0.69852000
0.69397400
0.64578000
0.55705800
0.32575600
0.03368200
0.00000000
0.00000000
0.00000000
0.00000000
0.00000000
0.00000000
0.00000000
0.00000000
0.00000000
0.00000000
0.00000000
0.00000000
0.00000000
0.00000000
0.01639200
0.09519300
0.10465300
0.34996000
0.33134100
0.32672900
0.25832400
0.17971900
0.10645200
0.09089300
0.00166900
0.00000000
0.00000000
0.00000000
0.00000000
0.00000000
0.00000000
0.00000000
0.00000000
0.00000000
0.00000000
0.00000000
0.00000000
0.00000000
0.20582700
0.41636800
0.57281700
0.66740000
0.71158000
0.15526500
0.61608200
0.31496600
0.39888600
0.14021300
0.00244900
0.00000000
0.00000000
0.00000000
0.00000000
0.00000000
0.00000000
0.00000000
0.00000000
0.00000000
0.00000000
0.00000000
0.00000000
0.00000000
0.19812600
0.41467300
0.57530000
0.69595600
0.74151200
0.73870300
0.68682600
0.57976700
0.42431300
0.21523500
0.02174700
0.00000000
0.00000000
0.00000000
0.00000000
0.00000000
0.00000000
0.00000000
0.00000000
0.00000000
0.00000000
0.00000000
0.00000000
0.00000000
0.20424800
0.41900100
0.57905800
0.68024800
0.72921900
0.72738600
0.67873200
0.36074300
0.08164200
0.00145700
0.00000000
0.00000000
0.00000000
0.00000000
0.00000000
0.00000000
0.00000000
0.00000000
0.00000000
0.00000000
0.00000000
0.00000000
0.00000000
0.00000000
0.13297600
0.04725600
0.48205000
0.19077100
0.13182800
0.13198200
0.34445000
0.29078200
0.14349600
0.02398500
0.00000000
0.00000000
0.00000000
0.00000000
0.00000000
0.00000000
0.00000000
0.00000000
0.00000000
0.00000000
0.00000000
0.00000000
0.00000000
0.00000000
0.02251900
0.06553800
0.23904800
0.06800900
0.14443100
0.20307300
0.48446000
0.58043600
0.41959700
0.20137300
0.00000000
0.00000000
0.00000000
0.00000000
0.00000000
0.00000000
0.00000000
0.00000000
0.00000000
0.00000000
0.00000000
0.00000000
0.00000000
0.00000000
0.20298100
0.12330500
0.46774000
0.53004400
0.75818100
0.74881100
0.69559100
0.11893400
0.28453600
0.11774400
0.00000000
0.00000000
0.00000000
0.00000000
0.00000000
0.00000000
0.00000000
0.00000000
0.00000000
0.00000000
0.00000000
0.00000000
0.00000000
0.00000000
0.20046800
0.42887300
0.60180500
0.45424300
0.26807000
0.01220600
0.01079800
0.00173600
0.42701300
0.09373800
0.00000000
0.00000000
0.00000000
0.00000000
0.00000000
0.00000000
0.00000000
0.00000000
0.00000000
0.00000000
0.00000000
0.00000000
0.00000000
0.00000000
0.21676100
0.44634100
0.40027500
0.13628800
0.42985300
0.12689900
0.37745700
0.28669200
0.31944700
0.15699300
0.00000000
0.00000000
0.00000000
0.00000000
0.00000000
0.00000000
0.00000000
0.00000000
0.00000000
0.00000000
0.00000000
0.00000000
0.00000000
0.00000000
0.08373400
0.25072000
0.02995100
0.12066000
0.26837400
0.76777600
0.49784500
0.24382300
0.24634200
0.12354900
0.00000000
0.00000000
0.00000000
0.00000000
0.00000000
0.00000000
0.00000000
0.00000000
0.00000000
0.00000000
0.00000000
0.00000000
0.00000000
0.00000000
0.19454500
0.42857900
0.60139000
0.72596600
0.76846800
0.74540100
0.32724700
0.54067000
0.09740200
0.15815800
0.00000000
0.00000000
0.00000000
0.00000000
0.00000000
0.00000000
0.00000000
0.00000000
0.00000000
0.00000000
0.00000000
0.00000000
0.00000000
0.00000000
0.03266600
0.07559400
0.05860500
0.62752200
0.14620700
0.01933800
0.03402800
0.20202000
0.05826500
0.00000000
0.00000000
0.00000000
0.00000000
0.00000000
0.00000000
0.00000000
0.00000000
0.00000000
0.00000000
0.00000000
0.00000000
0.00000000
0.00000000
0.00000000
0.03240000
0.04748200
0.39877600
0.31238500
0.36396700
0.04645500
0.11181900
0.12617400
0.07384100
0.00085500
0.00000000
0.00000000
0.00000000
0.00000000
0.00000000
0.00000000
0.00000000
0.00000000
0.00000000
0.00000000
0.00000000
0.00000000
0.00000000
0.00000000
0.01364600
0.00160800
0.23520200
0.17528400
0.55767900
0.61628300
0.66081900
0.55859200
0.39644300
0.18484500
0.00000000
0.00000000
0.00000000
0.00000000
0.00000000
0.00000000
0.00000000
0.00000000
0.00000000
0.00000000
0.00000000
0.00000000
0.00000000
0.00000000
0.20625800
0.44169900
0.61487200
0.71599200
0.76384300
0.75920800
0.70696100
0.59820300
0.43457700
0.20476300
0.00000000
0.00000000
0.00000000
0.00000000
0.00000000
0.00000000
0.00000000
0.00000000
0.00000000
0.00000000
0.00000000
0.00000000
0.00000000
0.00000000
0.01416600
0.01021700
0.09298700
0.10834200
0.07618800
0.07108000
0.06006500
0.03375700
0.04589500
0.00840100
0.00000000
0.00000000
0.00000000
0.00000000
0.00000000
0.00000000
0.00000000
0.00000000
0.00000000
0.00000000
0.00000000
0.00000000
0.00000000
0.00000000
0.06195200
0.04598000
0.18055700
0.31517800
0.39149000
0.38811400
0.68944800
0.12371200
0.21799700
0.11989700
0.00000000
0.00000000
0.00000000
0.00000000
0.00000000
0.00000000
0.00000000
0.00000000
0.00000000
0.00000000
0.00000000
0.00000000
0.00000000
0.00000000
0.19090300
0.41146500
0.57217800
0.66770200
0.71159900
0.70547500
0.54687600
0.46602500
0.24326400
0.17865400
0.00000000
0.00000000
0.00000000
0.00000000
0.00000000
0.00000000
0.00000000
0.00000000
0.00000000
0.00000000
0.00000000
0.00000000
0.00000000
0.00000000
0.10590500
0.25191600
0.41424700
0.49418000
0.49263200
0.50524900
0.43675000
0.34698000
0.36044700
0.10652600
0.00000000
0.00000000
0.00000000
0.00000000
0.00000000
0.00000000
0.00000000
0.00000000
0.00000000
0.00000000
0.00000000
0.00000000
0.00000000
0.00000000
0.01088300
0.02670400
0.05466200
0.11116500
0.02688300
0.02086500
0.01630500
0.03453000
0.07267100
0.00897100
0.00000000
0.00000000
0.00000000
0.00000000
0.00000000
0.00000000
0.00000000
0.00000000
0.00000000
0.00000000
0.00000000
0.00000000
0.00000000
0.00000000
0.00947200
0.35095600
0.45602600
0.38159700
0.31953400
0.03752200
0.08299200
0.01329400
0.03497600
0.00644600
0.00000000
0.00000000
0.00000000
0.00000000
0.00000000
0.00000000
0.00000000
0.00000000
0.00000000
0.00000000
0.00000000
0.00000000
0.00000000
0.00000000
0.16110000
0.40628000
0.19428400
0.45372100
0.75463600
0.74282600
0.68805600
0.56068300
0.39164000
0.16655800
0.00000000
0.00000000
0.00000000
0.00000000
0.00000000
0.00000000
0.00000000
0.00000000
0.00000000
0.00000000
0.00000000
0.00000000
0.00000000
0.00000000
0.03672900
0.15181400
0.24454400
0.21106800
0.49424200
0.43852300
0.32909700
0.04225500
0.04780500
0.01028600
0.00000000
0.00000000
0.00000000
0.00000000
0.00000000
0.00000000
0.00000000
0.00000000
0.00000000
0.00000000
0.00000000
0.00000000
0.00000000
0.00000000
0.01440700
0.02446700
0.13015800
0.08728900
0.08755700
0.07180900
0.10407100
0.05874700
0.02973000
0.00573700
0.00000000
0.00000000
0.00000000
0.00000000
0.00000000
0.00000000
0.00000000
0.00000000
0.00000000
0.00000000
0.00000000
0.00000000
0.00000000
0.00000000
0.00000000
0.04025300
0.26436500
0.20149100
0.41013200
0.06323900
0.14478800
0.15619400
0.38177200
0.13250500
0.00000000
0.00000000
0.00000000
0.00000000
0.00000000
0.00000000
0.00000000
0.00000000
0.00000000
0.00000000
0.00000000
0.00000000
0.00000000
0.00000000
0.01511200
0.40778300
0.28747100
0.35884900
0.27011800
0.26904500
0.53141300
0.58549500
0.03629800
0.14351900
0.00000000
0.00000000
0.00000000
0.00000000
0.00000000
0.00000000
0.00000000
0.00000000
0.00000000
0.00000000
0.00000000
0.00000000
0.00000000
0.00000000
0.00000000
0.04074900
0.04160900
0.07068400
0.08056400
0.12439100
0.13551100
0.08337400
0.05415000
0.00924000
0.00000000
0.00000000
0.00000000
0.00000000
0.00000000
0.00000000
0.00000000
0.00000000
0.00000000
0.00000000
0.00000000
0.00000000
0.00000000
0.00000000
0.00000000
0.02029000
0.05033500
0.05788300
0.08596300
0.13349800
0.15774400
0.09320400
0.03441700
0.00450400
0.00000000
0.00000000
0.00000000
0.00000000
0.00000000
0.00000000
0.00000000
0.00000000
0.00000000
0.00000000
0.00000000
0.00000000
0.00000000
0.00000000
0.04099800
0.15942800
0.25661500
0.45001600
0.73525900
0.71960000
0.66348400
0.55124500
0.39036900
0.14579200
0.00000000
0.00000000
0.00000000
0.00000000
0.00000000
0.00000000
0.00000000
0.00000000
0.00000000
0.00000000
0.00000000
0.00000000
0.00000000
0.00000000
0.15168900
0.25186000
0.59377000
0.70383700
0.67442600
0.65851100
0.51724100
0.37374800
0.26893800
0.08877200
0.00000000
0.00000000
0.00000000
0.00000000
0.00000000
0.00000000
0.00000000
0.00000000
0.00000000
0.00000000
0.00000000
0.00000000
0.00000000
0.00000000
0.15285200
0.40729800
0.59081000
0.69889300
0.74855600
0.74632000
0.68453900
0.57599600
0.39354200
0.14399100
0.00000000
0.00000000
0.00000000
0.00000000
0.00000000
0.00000000
0.00000000
0.00000000
0.00000000
0.00000000
0.00000000
0.00000000
0.00000000
0.00000000
0.00428100
0.04188800
0.06438500
0.08797400
0.09799100
0.17055000
0.14932800
0.10611400
0.03186800
0.00109600
0.00000000
0.00000000
0.00000000
0.00000000
0.00000000
0.00000000
0.00000000
0.00000000
0.00000000
0.00000000
0.00000000
0.00000000
0.00000000
0.00000000
0.00516100
0.07096000
0.18753100
0.26496300
0.37553100
0.31864300
0.07712000
0.12241200
0.03331900
0.05457700
0.00000000
0.00000000
0.00000000
0.00000000
0.00000000
0.00000000
0.00000000
0.00000000
0.00000000
0.00000000
0.00000000
0.00000000
0.00000000
0.00000000
0.11288300
0.35054400
0.52182600
0.63544100
0.48921000
0.50345900
0.45558400
0.30044800
0.06320400
0.00698500
0.00000000
0.00000000
0.00000000
0.00000000
0.00000000
0.00000000
0.00000000
0.00000000
0.00000000
0.00000000
0.00000000
0.00000000
0.00000000
0.00000000
0.09830100
0.29464700
0.51437400
0.13635300
0.27246200
0.29238700
0.09446800
0.01043500
0.04214900
0.00167500
0.00000000
0.00000000
0.00000000
0.00000000
0.00000000
0.00000000
0.00000000
0.00000000
0.00000000
0.00000000
0.00000000
0.00000000
0.00000000
0.00000000
0.00000000
0.01460500
0.07596400
0.15489800
0.49927500
0.49484700
0.28783000
0.11683100
0.05027600
0.00445500
0.00000000
0.00000000
0.00000000
0.00000000
0.00000000
0.00000000
0.00000000
0.00000000
0.00000000
0.00000000
0.00000000
0.00000000
0.00000000
0.00000000
0.00690900
0.09390200
0.15548600
0.20169500
0.22032400
0.21906100
0.15192700
0.10623600
0.19500900
0.01090000
0.00000000
0.00000000
0.00000000
0.00000000
0.00000000
0.00000000
0.00000000
0.00000000
0.00000000
0.00000000
0.00000000
0.00000000
0.00000000
0.00000000
0.09400500
0.36208400
0.53754700
0.65033600
0.69941600
0.69441000
0.63936700
0.52518600
0.34959800
0.10308200
0.00000000
0.00000000
0.00000000
0.00000000
0.00000000
0.00000000
0.00000000
0.00000000
0.00000000
0.00000000
0.00000000
0.00000000
0.00000000
0.00000000
0.08490600
0.33741700
0.51915300
0.63037900
0.68179700
0.67774800
0.62082900
0.50952800
0.33096100
0.07844600
0.00000000
0.00000000
0.00000000
0.00000000
0.00000000
0.00000000
0.00000000
0.00000000
0.00000000
0.00000000
0.00000000
0.00000000
0.00000000
0.00000000
0.00199800
0.17022200
0.40014200
0.60997500
0.65866000
0.45025700
0.25298300
0.19877800
0.29907000
0.05978300
0.00000000
0.00000000
0.00000000
0.00000000
0.00000000
0.00000000
0.00000000
0.00000000
0.00000000
0.00000000
0.00000000
0.00000000
0.00000000
0.00000000
0.00520100
0.26231300
0.45290100
0.53626300
0.51256800
0.62152500
0.54790100
0.44125500
0.20997500
0.00879300
0.00000000
0.00000000
0.00000000
0.00000000
0.00000000
0.00000000
0.00000000
0.00000000
0.00000000
0.00000000
0.00000000
0.00000000
0.00000000
0.00000000
0.07198200
0.33735400
0.48082900
0.48406900
0.49371700
0.48454700
0.61604600
0.35162300
0.24608800
0.00865400
0.00000000
0.00000000
0.00000000
0.00000000
0.00000000
0.00000000
0.00000000
0.00000000
0.00000000
0.00000000
0.00000000
0.00000000
0.00000000
0.00000000
0.00516000
0.08001600
0.33603100
0.49598300
0.42158100
0.44741100
0.37970800
0.34785000
0.22067500
0.00712800
0.00000000
0.00000000
0.00000000
0.00000000
0.00000000
0.00000000
0.00000000
0.00000000
0.00000000
0.00000000
0.00000000
0.00000000
0.00000000
0.00000000
0.05593200
0.31648400
0.35263200
0.61235800
0.65714000
0.65472200
0.60360300
0.49557100
0.32521100
0.07701600
0.00000000
0.00000000
0.00000000
0.00000000
0.00000000
0.00000000
0.00000000
0.00000000
0.00000000
0.00000000
0.00000000
0.00000000
0.00000000
0.00000000
0.04921700
0.30400700
0.48911100
0.60902500
0.66677800
0.66669600
0.61027500
0.50246300
0.32358500
0.06851700
0.00000000
0.00000000
0.00000000
0.00000000
0.00000000
0.00000000
0.00000000
0.00000000
0.00000000
0.00000000
0.00000000
0.00000000
0.00000000
0.00000000
0.00000000
0.06831400
0.04412500
0.03003200
0.26433900
0.64002400
0.61128700
0.51082200
0.01868800
0.00813900
0.00000000
0.00000000
0.00000000
0.00000000
0.00000000
0.00000000
0.00000000
0.00000000
0.00000000
0.00000000
0.00000000
0.00000000
0.00000000
0.00000000
0.00000000
0.28645900
0.51075200
0.08687200
0.41888500
0.75008900
0.05252200
0.02413700
0.26642400
0.00597700
0.00000000
0.00000000
0.00000000
0.00000000
0.00000000
0.00000000
0.00000000
0.00000000
0.00000000
0.00000000
0.00000000
0.00000000
0.00000000
0.00000000
0.00000000
0.19236500
0.07846800
0.25745600
0.29765500
0.44431400
0.18705600
0.03509000
0.01874200
0.00444500
0.00000000
0.00000000
0.00000000
0.00000000
0.00000000
0.00000000
0.00000000
0.00000000
0.00000000
0.00000000
0.00000000
0.00000000
0.00000000
0.00000000
0.00000000
0.16924400
0.26232700
0.34696700
0.25621400
0.50513000
0.41936800
0.07765500
0.04972700
0.00000000
0.00000000
0.00000000
0.00000000
0.00000000
0.00000000
0.00000000
0.00000000
0.00000000
0.00000000
0.00000000
0.00000000
0.00000000
0.00000000
0.00000000
0.00000000
0.13340500
0.37802500
0.38116000
0.42455200
0.42687800
0.35330700
0.27723600
0.16639500
0.00276500
0.00000000
0.00000000
0.00000000
0.00000000
0.00000000
0.00000000
0.00000000
0.00000000
0.00000000
0.00000000
0.00000000
0.00000000
0.00000000
0.00000000
0.00000000
0.01079800
0.17808000
0.19967800
0.23102900
0.60530600
0.56648000
0.38761500
0.04142100
0.00000000
0.00000000
0.00000000
0.00000000
0.00000000
0.00000000
0.00000000
0.00000000
0.00000000
0.00000000
0.00000000
0.00000000
0.00000000
0.00000000
0.00000000
0.00000000
0.27915300
0.22115300
0.40965200
0.40926100
0.69770800
0.31117800
0.49356300
0.27485000
0.03723400
0.00000000
0.00000000
0.00000000
0.00000000
0.00000000
0.00000000
0.00000000
0.00000000
0.00000000
0.00000000
0.00000000
0.00000000
0.00000000
0.00000000
0.00000000
0.01478900
0.01397000
0.08784600
0.18937100
0.15948800
0.31449900
0.20374800
0.01943600
0.00000000
0.00000000
0.00000000
0.00000000
0.00000000
0.00000000
0.00000000
0.00000000
0.00000000
0.00000000
0.00000000
0.00000000
0.00000000
0.00000000
0.00000000
0.00000000
0.30105200
0.53641900
0.42403100
0.52086200
0.53294500
0.63835500
0.47193500
0.30616700
0.00369600
0.00000000
0.00000000
0.00000000
0.00000000
0.00000000
0.00000000
0.00000000
0.00000000
0.00000000
0.00000000
0.00000000
0.00000000
0.00000000
0.00000000
0.00000000
0.06177400
0.13076000
0.08228400
0.67367000
0.41719200
0.19490500
0.08587200
0.08055200
0.00000000
0.00000000
0.00000000
0.00000000
0.00000000
0.00000000
0.00000000
0.00000000
0.00000000
0.00000000
0.00000000
0.00000000
0.00000000
0.00000000
0.00000000
0.00000000
0.35926300
0.58371600
0.71736300
0.77830600
0.77310300
0.71149100
0.58322600
0.37386900
0.07049500
0.00000000
0.00000000
0.00000000
0.00000000
0.00000000
0.00000000
0.00000000
0.00000000
0.00000000
0.00000000
0.00000000
0.00000000
0.00000000
0.00000000
0.00000000
0.30322900
0.52353400
0.68011500
0.75114400
0.73929700
0.68165000
0.55715600
0.35596700
0.00000000
0.00000000
0.00000000
0.00000000
0.00000000
0.00000000
0.00000000
0.00000000
0.00000000
0.00000000
0.00000000
0.00000000
0.00000000
0.00000000
0.00000000
0.00000000
0.05846300
0.02307600
0.19928000
0.48400300
0.29847900
0.29919500
0.20437300
0.07808600
0.00000000
0.00000000
0.00000000
0.00000000
0.00000000
0.00000000
0.00000000
0.00000000
0.00000000
0.00000000
0.00000000
0.00000000
0.00000000
0.00000000
0.00000000
0.00000000
0.24194000
0.48524200
0.64682400
0.72893000
0.75128900
0.68238900
0.53856000
0.31971300
0.00000000
0.00000000
0.00000000
0.00000000
0.00000000
0.00000000
0.00000000
0.00000000
0.00000000
0.00000000
0.00000000
0.00000000
0.00000000
0.00000000
0.00000000
0.00000000
0.00688900
0.47082800
0.06820100
0.09745600
0.09510000
0.09721900
0.03456000
0.27259700
0.00000000
0.00000000
0.00000000
0.00000000
0.00000000
0.00000000
0.00000000
0.00000000
0.00000000
0.00000000
0.00000000
0.00000000
0.00000000
0.00000000
0.00000000
0.00000000
0.28563400
0.52406400
0.67860800
0.13610600
0.58476100
0.01776600
0.56425900
0.08263100
0.00000000
0.00000000
0.00000000
0.00000000
0.00000000
0.00000000
0.00000000
0.00000000
0.00000000
0.00000000
0.00000000
0.00000000
0.00000000
0.00000000
0.00000000
0.00000000
0.13142800
0.54098500
0.23260700
0.30537800
0.19811300
0.31402300
0.20719300
0.06814000
0.00000000
0.00000000
0.00000000
0.00000000
0.00000000
0.00000000
0.00000000
0.00000000
0.00000000
0.00000000
0.00000000
0.00000000
0.00000000
0.00000000
0.00000000
0.00000000
0.28256200
0.51159200
0.65495500
0.72490000
0.73032400
0.67924200
0.54232500
0.34771300
0.00000000
0.00000000
0.00000000
0.00000000
0.00000000
0.00000000
0.00000000
0.00000000
0.00000000
0.00000000
0.00000000
0.00000000
0.00000000
0.00000000
0.00000000
0.00000000
0.19421100
0.20304400
0.34532700
0.29692200
0.11258600
0.18347600
0.13909200
0.02253700
0.00000000
0.00000000
0.00000000
0.00000000
0.00000000
0.00000000
0.00000000
0.00000000
0.00000000
0.00000000
0.00000000
0.00000000
0.00000000
0.00000000
0.00000000
0.00000000
0.23462400
0.11247400
0.12169400
0.11900100
0.12214200
0.30835400
0.51692600
0.31606300
0.00000000
0.00000000
0.00000000
0.00000000
0.00000000
0.00000000
0.00000000
0.00000000
0.00000000
0.00000000
0.00000000
0.00000000
0.00000000
0.00000000
0.00000000
0.00000000
0.13310100
0.15616100
0.15529900
0.26916700
0.22052100
0.13772700
0.09105400
0.06961100
0.00000000
0.00000000
0.00000000
0.00000000
0.00000000
0.00000000
0.00000000
0.00000000
0.00000000
0.00000000
0.00000000
0.00000000
0.00000000
0.00000000
0.00000000
0.00000000
0.04728500
0.47337200
0.10178100
0.10054100
0.24255700
0.12237400
0.53690700
0.33567300
0.00000000
0.00000000
0.00000000
0.00000000
0.00000000
0.00000000
0.00000000
0.00000000
0.00000000
0.00000000
0.00000000
0.00000000
0.00000000
0.00000000
0.00000000
0.00000000
0.00000000
0.03825200
0.04078100
0.07099100
0.06508100
0.05752400
0.04929700
0.01387800
0.00000000
0.00000000
0.00000000
0.00000000
0.00000000
0.00000000
0.00000000
0.00000000
0.00000000
0.00000000
0.00000000
0.00000000
0.00000000
0.00000000
0.00000000
0.00000000
0.01457900
0.12799500
0.21290200
0.48493800
0.45243500
0.35971800
0.16574700
0.03828900
0.00000000
0.00000000
0.00000000
0.00000000
0.00000000
0.00000000
0.00000000
0.00000000
0.00000000
0.00000000
0.00000000
0.00000000
0.00000000
0.00000000
0.00000000
0.00000000
0.01966900
0.15982800
0.19453700
0.22237100
0.23046000
0.19233200
0.61947200
0.40329300
0.10935500
0.00000000
0.00000000
0.00000000
0.00000000
0.00000000
0.00000000
0.00000000
0.00000000
0.00000000
0.00000000
0.00000000
0.00000000
0.00000000
0.00000000
0.00000000
0.29568500
0.52432900
0.63623000
0.48197000
0.40964500
0.43949300
0.02852300
0.09419700
0.00000000
0.00000000
0.00000000
0.00000000
0.00000000
0.00000000
0.00000000
0.00000000
0.00000000
0.00000000
0.00000000
0.00000000
0.00000000
0.00000000
0.00000000
0.00000000
0.02140800
0.15746800
0.42124200
0.65966900
0.67181500
0.21067100
0.09486000
0.27563800
0.00268100
0.00000000
0.00000000
0.00000000
0.00000000
0.00000000
0.00000000
0.00000000
0.00000000
0.00000000
0.00000000
0.00000000
0.00000000
0.00000000
0.00000000
0.00000000
0.00118500
0.07740800
0.05212900
0.10645700
0.09890600
0.37205400
0.06485800
0.01306300
0.00000000
0.00000000
0.00000000
0.00000000
0.00000000
0.00000000
0.00000000
0.00000000
0.00000000
0.00000000
0.00000000
0.00000000
0.00000000
0.00000000
0.00000000
0.00000000
0.01919400
0.13116700
0.36940800
0.30079300
0.19423300
0.56581100
0.14922500
0.07598900
0.00520900
0.00000000
0.00000000
0.00000000
0.00000000
0.00000000
0.00000000
0.00000000
0.00000000
0.00000000
0.00000000
0.00000000
0.00000000
0.00000000
0.00000000
0.00000000
0.19335200
0.42544600
0.58032000
0.32801400
0.22049300
0.26788200
0.29766800
0.02773600
0.00000000
0.00000000
0.00000000
0.00000000
0.00000000
0.00000000
0.00000000
0.00000000
0.00000000
0.00000000
0.00000000
0.00000000
0.00000000
0.00000000
0.00000000
0.00000000
0.01398400
0.02902500
0.09177900
0.17207900
0.08059600
0.06339300
0.23909100
0.00991000
0.00000000
0.00000000
0.00000000
0.00000000
0.00000000
0.00000000
0.00000000
0.00000000
0.00000000
0.00000000
0.00000000
0.00000000
0.00000000
0.00000000
0.00000000
0.00000000
0.04074200
0.07036700
0.18013300
0.26963800
0.59682700
0.56499400
0.45404200
0.28438300
0.08684800
0.00000000
0.00000000
0.00000000
0.00000000
0.00000000
0.00000000
0.00000000
0.00000000
0.00000000
0.00000000
0.00000000
0.00000000
0.00000000
0.00000000
0.00000000
0.01174300
0.02361500
0.07613600
0.11146000
0.07608700
0.09687600
0.05742500
0.03898400
0.00000000
0.00000000
0.00000000
0.00000000
0.00000000
0.00000000
0.00000000
0.00000000
0.00000000
0.00000000
0.00000000
0.00000000
0.00000000
0.00000000
0.00000000
0.00000000
0.01854700
0.05698500
0.05580000
0.19361400
0.17739200
0.10574700
0.05507600
0.01395300
0.01100700
0.00000000
0.00000000
0.00000000
0.00000000
0.00000000
0.00000000
0.00000000
0.00000000
0.00000000
0.00000000
0.00000000
0.00000000
0.00000000
0.00000000
0.00000000
0.19781900
0.02682100
0.05928100
0.09393400
0.03730000
0.14303100
0.16799200
0.01806200
0.00000000
0.00000000
0.00000000
0.00000000
0.00000000
0.00000000
0.00000000
0.00000000
0.00000000
0.00000000
0.00000000
0.00000000
0.00000000
0.00000000
0.00000000
0.00000000
0.00606000
0.03146500
0.28528700
0.09986500
0.15374500
0.14244200
0.06506900
0.01791100
0.00000000
0.00000000
0.00000000
0.00000000
0.00000000
0.00000000
0.00000000
0.00000000
0.00000000
0.00000000
0.00000000
0.00000000
0.00000000
0.00000000
0.00000000
0.00000000
0.21195900
0.07517100
0.38284400
0.43281500
0.34833500
0.39914500
0.16037900
0.13977000
0.10087000
0.00000000
0.00000000
0.00000000
0.00000000
0.00000000
0.00000000
0.00000000
0.00000000
0.00000000
0.00000000
0.00000000
0.00000000
0.00000000
0.00000000
0.00000000
0.13301400
0.21966300
0.16674500
0.17707600
0.08565000
0.25648100
0.04755300
0.01308200
0.00000000
0.00000000
0.00000000
0.00000000
0.00000000
0.00000000
0.00000000
0.00000000
0.00000000
0.00000000
0.00000000
0.00000000
0.00000000
0.00000000
0.00000000
0.00000000
0.01205600
0.00811600
0.04158900
0.05392500
0.05006900
0.07139400
0.05720400
0.01466200
0.00000000
0.00000000
0.00000000
0.00000000
0.00000000
0.00000000
0.00000000
0.00000000
