0.00000000
0.00000000
0.00000000
0.00000000
0.00000000
0.00000000
0.00000000
0.00000000
0.00579100
0.03879300
0.12680900
0.10017000
0.14323700
0.11030100
0.19303900
0.13445500
0.07130500
0.00000000
0.00000000
0.00000000
0.00000000
0.00000000
0.00000000
0.00000000
0.00000000
0.00000000
0.00000000
0.00000000
0.00000000
0.00000000
0.00000000
0.00000000
0.03655000
0.19219500
0.12527400
0.13723200
0.13528700
0.11025000
0.10421900
0.06758300
0.00663400
0.00000000
0.00000000
0.00000000
0.00000000
0.00000000
0.00000000
0.00000000
0.00000000
0.00000000
0.00000000
0.00000000
0.00000000
0.00000000
0.00000000
0.00000000
0.03629900
0.03839500
0.17008500
0.11999400
0.12647500
0.04251500
0.03021000
0.04550100
0.00474400
0.00000000
0.00000000
0.00000000
0.00000000
0.00000000
0.00000000
0.00000000
0.00000000
0.00000000
0.00000000
0.00000000
0.00000000
0.00000000
0.00000000
0.00000000
0.01688200
0.12335900
0.03821400
0.31481500
0.29595900
0.29626500
0.08272300
0.19243000
0.00545300
0.00000000
0.00000000
0.00000000
0.00000000
0.00000000
0.00000000
0.00000000
0.00000000
0.00000000
0.00000000
0.00000000
0.00000000
0.00000000
0.00000000
0.00000000
0.01641100
0.05322100
0.03786500
0.07968900
0.14956200
0.09549600
0.11955200
0.05040700
0.07830800
0.00000000
0.00000000
0.00000000
0.00000000
0.00000000
0.00000000
0.00000000
0.00000000
0.00000000
0.00000000
0.00000000
0.00000000
0.00000000
0.00000000
0.00000000
0.01646500
0.07065700
0.09551500
0.08583700
0.06425100
0.08470000
0.07679000
0.02686100
0.00392200
0.00000000
0.00000000
0.00000000
0.00000000
0.00000000
0.00000000
0.00000000
0.00000000
0.00000000
0.00000000
0.00000000
0.00000000
0.00000000
0.00000000
0.00000000
0.03553400
0.07218800
0.09761300
0.06886700
0.07163700
0.05746500
0.07811200
0.15772700
0.02778500
0.00000000
0.00000000
0.00000000
0.00000000
0.00000000
0.00000000
0.00000000
0.00000000
0.00000000
0.00000000
0.00000000
0.00000000
0.00000000
0.00000000
0.00000000
0.01649500
0.04502700
0.04910500
0.05157500
0.25608100
0.12358500
0.14974300
0.14072800
0.00631700
0.00000000
0.00000000
0.00000000
0.00000000
0.00000000
0.00000000
0.00000000
0.00000000
0.00000000
0.00000000
0.00000000
0.00000000
0.00000000
0.00000000
0.00000000
0.03383800
0.04391900
0.19202300
0.59536300
0.48493000
0.10600500
0.22746500
0.26620300
0.09857000
0.00000000
0.00000000
0.00000000
0.00000000
0.00000000
0.00000000
0.00000000
0.00000000
0.00000000
0.00000000
0.00000000
0.00000000
0.00000000
0.00000000
0.00000000
0.15399900
0.05221300
0.10140200
0.06616000
0.05766600
0.15294000
0.04788800
0.08785200
0.01834500
0.00000000
0.00000000
0.00000000
0.00000000
0.00000000
0.00000000
0.00000000
0.00000000
0.00000000
0.00000000
0.00000000
0.00000000
0.00000000
0.00000000
0.00000000
0.00542200
0.06011400
0.05455300
0.14804500
0.13831500
0.09521000
0.04831000
0.25016700
0.01983400
0.00000000
0.00000000
0.00000000
0.00000000
0.00000000
0.00000000
0.00000000
0.00000000
0.00000000
0.00000000
0.00000000
0.00000000
0.00000000
0.00000000
0.00000000
0.00541200
0.05255300
0.04820700
0.08472300
0.22600000
0.58245400
0.37090500
0.31735900
0.11862800
0.00000000
0.00000000
0.00000000
0.00000000
0.00000000
0.00000000
0.00000000
0.00000000
0.00000000
0.00000000
0.00000000
0.00000000
0.00000000
0.00000000
0.00000000
0.03026800
0.42694500
0.53004300
0.50734600
0.06338800
0.06115900
0.43352300
0.21155000
0.01035100
0.00000000
0.00000000
0.00000000
0.00000000
0.00000000
0.00000000
0.00000000
0.00000000
0.00000000
0.00000000
0.00000000
0.00000000
0.00000000
0.00000000
0.00000000
0.00478500
0.39814000
0.08078200
0.12447900
0.08039900
0.07726400
0.03931300
0.08856200
0.03415300
0.00000000
0.00000000
0.00000000
0.00000000
0.00000000
0.00000000
0.00000000
0.00000000
0.00000000
0.00000000
0.00000000
0.00000000
0.00000000
0.00000000
0.00000000
0.02950900
0.03041300
0.04254500
0.05064300
0.05306400
0.04659200
0.03527100
0.03141100
0.00542400
0.00000000
0.00000000
0.00000000
0.00000000
0.00000000
0.00000000
0.00000000
0.00000000
0.00000000
0.00000000
0.00000000
0.00000000
0.00000000
0.00000000
0.00000000
0.01464800
0.36722400
0.36052400
0.09100300
0.21228300
0.09500000
0.13051400
0.12358000
0.02597500
0.00000000
0.00000000
0.00000000
0.00000000
0.00000000
0.00000000
0.00000000
0.00000000
0.00000000
0.00000000
0.00000000
0.00000000
0.00000000
0.00000000
0.00000000
0.01435900
0.03070700
0.10034400
0.06708000
0.09817100
0.04723800
0.25103000
0.05109500
0.06400100
0.00000000
0.00000000
0.00000000
0.00000000
0.00000000
0.00000000
0.00000000
0.00000000
0.00000000
0.00000000
0.00000000
0.00000000
0.00000000
0.00000000
0.00000000
0.07887200
0.16586200
0.30717100
0.36514800
0.30022200
0.28594000
0.22726300
0.19713700
0.01234200
0.00000000
0.00000000
0.00000000
0.00000000
0.00000000
0.00000000
0.00000000
0.00000000
0.00000000
0.00000000
0.00000000
0.00000000
0.00000000
0.00000000
0.00000000
0.02696100
0.13354600
0.14535700
0.26566500
0.21975200
0.26703900
0.21259400
0.13239500
0.04156600
0.00000000
0.00000000
0.00000000
0.00000000
0.00000000
0.00000000
0.00000000
0.00000000
0.00000000
0.00000000
0.00000000
0.00000000
0.00000000
0.00000000
0.00000000
0.02579800
0.05075600
0.07951600
0.14479600
0.14982000
0.19855100
0.17913000
0.06741400
0.08340400
0.00000000
0.00000000
0.00000000
0.00000000
0.00000000
0.00000000
0.00000000
0.00000000
0.00000000
0.00000000
0.00000000
0.00000000
0.00000000
0.00000000
0.00000000
0.14849300
0.14608500
0.04271800
0.07845100
0.05331000
0.08818700
0.09242700
0.09010400
0.08037500
0.00000000
0.00000000
0.00000000
0.00000000
0.00000000
0.00000000
0.00000000
0.00000000
0.00000000
0.00000000
0.00000000
0.00000000
0.00000000
0.00000000
0.00000000
0.09460100
0.23700000
0.63581100
0.76919200
0.72737600
0.32572300
0.58604000
0.45671200
0.19673000
0.00000000
0.00000000
0.00000000
0.00000000
0.00000000
0.00000000
0.00000000
0.00000000
0.00000000
0.00000000
0.00000000
0.00000000
0.00000000
0.00000000
0.00000000
0.01227700
0.02967600
0.05817200
0.04945300
0.05658800
0.05049200
0.03855300
0.03961100
0.00995700
0.00000000
0.00000000
0.00000000
0.00000000
0.00000000
0.00000000
0.00000000
0.00000000
0.00000000
0.00000000
0.00000000
0.00000000
0.00000000
0.00000000
0.00000000
0.03564300
0.11108400
0.04253800
0.05551900
0.05793600
0.05146300
0.04013400
0.02813200
0.00379600
0.00000000
0.00000000
0.00000000
0.00000000
0.00000000
0.00000000
0.00000000
0.00000000
0.00000000
0.00000000
0.00000000
0.00000000
0.00000000
0.00000000
0.00000000
0.01272000
0.04212700
0.54969400
0.72576400
0.79941400
0.76486400
0.67010600
0.47622000
0.21989900
0.00000000
0.00000000
0.00000000
0.00000000
0.00000000
0.00000000
0.00000000
0.00000000
0.00000000
0.00000000
0.00000000
0.00000000
0.00000000
0.00000000
0.00000000
0.01174500
0.12775800
0.59111900
0.37839800
0.64791400
0.59484400
0.47205800
0.33385700
0.18230700
0.00000000
0.00000000
0.00000000
0.00000000
0.00000000
0.00000000
0.00000000
0.00000000
0.00000000
0.00000000
0.00000000
0.00000000
0.00000000
0.00000000
0.00000000
0.14693700
0.37541700
0.63299600
0.70257200
0.72430500
0.70541000
0.55086600
0.38273900
0.19062400
0.00000000
0.00000000
0.00000000
0.00000000
0.00000000
0.00000000
0.00000000
0.00000000
0.00000000
0.00000000
0.00000000
0.00000000
0.00000000
0.00000000
0.00000000
0.10003000
0.43347700
0.43962600
0.62984700
0.58924800
0.69505300
0.58168000
0.39284500
0.20146900
0.00000000
0.00000000
0.00000000
0.00000000
0.00000000
0.00000000
0.00000000
0.00000000
0.00000000
0.00000000
0.00000000
0.00000000
0.00000000
0.00000000
0.00000000
0.04214800
0.08467400
0.27333100
0.12386500
0.20874600
0.13126700
0.07846800
0.11552400
0.03049900
0.00000000
0.00000000
0.00000000
0.00000000
0.00000000
0.00000000
0.00000000
0.00000000
0.00000000
0.00000000
0.00000000
0.00000000
0.00000000
0.00000000
0.00000000
0.01962500
0.03601100
0.04839000
0.05656200
0.05902100
0.05736500
0.06489200
0.02857900
0.03843700
0.00000000
0.00000000
0.00000000
0.00000000
0.00000000
0.00000000
0.00000000
0.00000000
0.00000000
0.00000000
0.00000000
0.00000000
0.00000000
0.00000000
0.00000000
0.01134700
0.03046800
0.04873400
0.06119300
0.06365500
0.05683800
0.04542200
0.02912300
0.10695300
0.00000000
0.00000000
0.00000000
0.00000000
0.00000000
0.00000000
0.00000000
0.00000000
0.00000000
0.00000000
0.00000000
0.00000000
0.00000000
0.00000000
0.00035300
0.12406500
0.21972200
0.23870500
0.27059000
0.35419100
0.23632600
0.17886500
0.15491400
0.11292000
0.00077700
0.00000000
0.00000000
0.00000000
0.00000000
0.00000000
0.00000000
0.00000000
0.00000000
0.00000000
0.00000000
0.00000000
0.00000000
0.00000000
0.00000000
0.03761100
0.20510500
0.58766600
0.76155500
0.16736300
0.11942900
0.12397400
0.07595300
0.03734700
0.00000000
0.00000000
0.00000000
0.00000000
0.00000000
0.00000000
0.00000000
0.00000000
0.00000000
0.00000000
0.00000000
0.00000000
0.00000000
0.00000000
0.00000000
0.23902000
0.22048900
0.10975800
0.13549700
0.14413100
0.52682700
0.40744900
0.07182500
0.02689800
0.00059900
0.00000000
0.00000000
0.00000000
0.00000000
0.00000000
0.00000000
0.00000000
0.00000000
0.00000000
0.00000000
0.00000000
0.00000000
0.00000000
0.00127200
0.23943000
0.53166300
0.79337900
0.80573900
0.81924300
0.53791400
0.28999600
0.21792200
0.21479500
0.03628500
0.00000000
0.00000000
0.00000000
0.00000000
0.00000000
0.00000000
0.00000000
0.00000000
0.00000000
0.00000000
0.00000000
0.00000000
0.00000000
0.00000000
0.02882900
0.16065300
0.15052800
0.23980100
0.23912300
0.13808300
0.11230300
0.07433500
0.02797900
0.00051600
0.00000000
0.00000000
0.00000000
0.00000000
0.00000000
0.00000000
0.00000000
0.00000000
0.00000000
0.00000000
0.00000000
0.00000000
0.00000000
0.02358100
0.04979900
0.15563200
0.20891600
0.27432200
0.18950500
0.24651400
0.41028000
0.09815500
0.06624800
0.00135700
0.00000000
0.00000000
0.00000000
0.00000000
0.00000000
0.00000000
0.00000000
0.00000000
0.00000000
0.00000000
0.00000000
0.00000000
0.00000000
0.00000000
0.02661900
0.06856900
0.10529200
0.12834500
0.13661400
0.12781400
0.10420500
0.06844800
0.02598900
0.00000000
0.00000000
0.00000000
0.00000000
0.00000000
0.00000000
0.00000000
0.00000000
0.00000000
0.00000000
0.00000000
0.00000000
0.00000000
0.00000000
0.00000000
0.02355700
0.05845800
0.10891200
0.13216900
0.13987900
0.13212300
0.10969400
0.07334000
0.02412000
0.00000000
0.00000000
0.00000000
0.00000000
0.00000000
0.00000000
0.00000000
0.00000000
0.00000000
0.00000000
0.00000000
0.00000000
0.00000000
0.00000000
0.00000000
0.03277200
0.07594200
0.11247300
0.13572900
0.41665700
0.13534800
0.11337800
0.07683200
0.04994900
0.00644000
0.00000000
0.00000000
0.00000000
0.00000000
0.00000000
0.00000000
0.00000000
0.00000000
0.00000000
0.00000000
0.00000000
0.00000000
0.00000000
0.00000000
0.01751100
0.04484500
0.06906800
0.12974600
0.13764800
0.12848400
0.10430300
0.08957200
0.03693000
0.00203300
0.00000000
0.00000000
0.00000000
0.00000000
0.00000000
0.00000000
0.00000000
0.00000000
0.00000000
0.00000000
0.00000000
0.00000000
0.00000000
0.00000000
0.04174200
0.07037900
0.10054800
0.11949700
0.12521800
0.11883100
0.12385600
0.05700400
0.04248800
0.00062100
0.00000000
0.00000000
0.00000000
0.00000000
0.00000000
0.00000000
0.00000000
0.00000000
0.00000000
0.00000000
0.00000000
0.00000000
0.00000000
0.00172000
0.03087500
0.07481000
0.11389500
0.14004900
0.14816100
0.13863800
0.29347800
0.19413700
0.08694200
0.00539500
0.00000000
0.00000000
0.00000000
0.00000000
0.00000000
0.00000000
0.00000000
0.00000000
0.00000000
0.00000000
0.00000000
0.00000000
0.00000000
0.01083600
0.03445900
0.07999900
0.11879900
0.29246100
0.15134200
0.14199400
0.11775500
0.13214000
0.03339600
0.00405300
0.00000000
0.00000000
0.00000000
0.00000000
0.00000000
0.00000000
0.00000000
0.00000000
0.00000000
0.00000000
0.00000000
0.00000000
0.00000000
0.00319900
0.03069000
0.07315200
0.11035900
0.13497100
0.14287500
0.13508300
0.11101900
0.07247200
0.03125700
0.00317500
0.00000000
0.00000000
0.00000000
0.00000000
0.00000000
0.00000000
0.00000000
0.00000000
0.00000000
0.00000000
0.00000000
0.00000000
0.00000000
0.00325900
0.03518000
0.39474000
0.28416400
0.24361300
0.15144400
0.14323200
0.18643500
0.51209200
0.25455000
0.03470500
0.00000000
0.00000000
0.00000000
0.00000000
0.00000000
0.00000000
0.00000000
0.00000000
0.00000000
0.00000000
0.00000000
0.00000000
0.00000000
0.02955700
0.18433700
0.46434000
0.67738700
0.56311100
0.74531200
0.76556800
0.70075100
0.52078100
0.22729900
0.03978300
0.00000000
0.00000000
0.00000000
0.00000000
0.00000000
0.00000000
0.00000000
0.00000000
0.00000000
0.00000000
0.00000000
0.00000000
0.00000000
0.04816500
0.28061200
0.22652000
0.52161900
0.19196200
0.15573200
0.14676300
0.12242400
0.08407200
0.03859500
0.00481200
0.00000000
0.00000000
0.00000000
0.00000000
0.00000000
0.00000000
0.00000000
0.00000000
0.00000000
0.00000000
0.00000000
0.00000000
0.00000000
0.03022200
0.26764000
0.50869700
0.66081000
0.27088600
0.83333300
0.78337500
0.46194600
0.13539200
0.16451600
0.04724600
0.00000000
0.00000000
0.00000000
0.00000000
0.00000000
0.00000000
0.00000000
0.00000000
0.00000000
0.00000000
0.00000000
0.00000000
0.00000000
0.00670900
0.06575400
0.19250600
0.65133700
0.15407000
0.25912700
0.35686000
0.28843100
0.25347400
0.04616000
0.00368100
0.00000000
0.00000000
0.00000000
0.00000000
0.00000000
0.00000000
0.00000000
0.00000000
0.00000000
0.00000000
0.00000000
0.00000000
0.00000000
0.00675000
0.03527800
0.07739200
0.11401700
0.13778000
0.14534400
0.13704500
0.11297000
0.07674600
0.03505600
0.00668500
0.00000000
0.00000000
0.00000000
0.00000000
0.00000000
0.00000000
0.00000000
0.00000000
0.00000000
0.00000000
0.00000000
0.00000000
0.00000000
0.00455200
0.02377200
0.05116100
0.07651900
0.11249300
0.09765500
0.09184600
0.07526800
0.05081500
0.02326800
0.00358200
0.00000000
0.00000000
0.00000000
0.00000000
0.00000000
0.00000000
0.00000000
0.00000000
0.00000000
0.00000000
0.00000000
0.00000000
0.00000000
0.00298400
0.03370300
0.06534400
0.09070800
0.10655200
0.11154800
0.10509800
0.10984400
0.07917200
0.04139000
0.00617300
0.00000000
0.00000000
0.00000000
0.00000000
0.00000000
0.00000000
0.00000000
0.00000000
0.00000000
0.00000000
0.00000000
0.00000000
0.00000000
0.00456100
0.03593800
0.06727100
0.09172000
0.71259900
0.79860100
0.19917700
0.17358000
0.12892700
0.07113100
0.00741300
0.00000000
0.00000000
0.00000000
0.00000000
0.00000000
0.00000000
0.00000000
0.00000000
0.00000000
0.00000000
0.00000000
0.00000000
0.00000000
0.01088000
0.04085700
0.08541900
0.12358900
0.14789400
0.15605900
0.14713800
0.12199100
0.36779400
0.24447900
0.05284100
0.00000000
0.00000000
0.00000000
0.00000000
0.00000000
0.00000000
0.00000000
0.00000000
0.00000000
0.00000000
0.00000000
0.00000000
0.00000000
0.08796600
0.33464100
0.49842200
0.71256500
0.52657800
0.83333300
0.75030300
0.68526900
0.18410600
0.13868800
0.02353300
0.00000000
0.00000000
0.00000000
0.00000000
0.00000000
0.00000000
0.00000000
0.00000000
0.00000000
0.00000000
0.00000000
0.00000000
0.00000000
0.01658100
0.08078100
0.13972900
0.29167200
0.15299300
0.80395100
0.75205900
0.67259900
0.53157600
0.34289300
0.08825400
0.00000000
0.00000000
0.00000000
0.00000000
0.00000000
0.00000000
0.00000000
0.00000000
0.00000000
0.00000000
0.00000000
0.00000000
0.00000000
0.01099200
0.05842400
0.10425900
0.14121200
0.16371200
0.17175000
0.16318400
0.13929500
0.10270800
0.05564900
0.00933400
0.00000000
0.00000000
0.00000000
0.00000000
0.00000000
0.00000000
0.00000000
0.00000000
0.00000000
0.00000000
0.00000000
0.00000000
0.00000000
0.01260400
0.05264700
0.09924300
0.11177000
0.10757200
0.17008000
0.16319600
0.13790800
0.09924800
0.05105000
0.02911900
0.00000000
0.00000000
0.00000000
0.00000000
0.00000000
0.00000000
0.00000000
0.00000000
0.00000000
0.00000000
0.00000000
0.00000000
0.00000000
0.00944400
0.12528000
0.27156700
0.52602200
0.47574100
0.53808800
0.62445600
0.58686400
0.51550200
0.28320000
0.06072000
0.00000000
0.00000000
0.00000000
0.00000000
0.00000000
0.00000000
0.00000000
0.00000000
0.00000000
0.00000000
0.00000000
0.00000000
0.00000000
0.05712800
0.12811700
0.09326900
0.12621200
0.14618100
0.29694900
0.14464500
0.12325600
0.22120400
0.04944500
0.01385000
0.00000000
0.00000000
0.00000000
0.00000000
0.00000000
0.00000000
0.00000000
0.00000000
0.00000000
0.00000000
0.00000000
0.00000000
0.00000000
0.09732400
0.08508400
0.09872700
0.31121200
0.47633700
0.36841700
0.15138300
0.46361300
0.14144000
0.16320900
0.09406400
0.00000000
0.00000000
0.00000000
0.00000000
0.00000000
0.00000000
0.00000000
0.00000000
0.00000000
0.00000000
0.00000000
0.00000000
0.00000000
0.08091300
0.29352800
0.42738100
0.67334800
0.82875900
0.83333300
0.40074400
0.19785600
0.12750700
0.07322700
0.01748400
0.00000000
0.00000000
0.00000000
0.00000000
0.00000000
0.00000000
0.00000000
0.00000000
0.00000000
0.00000000
0.00000000
0.00000000
0.00000000
0.01419500
0.03819000
0.07127500
0.09856100
0.11627400
0.09970100
0.09424300
0.07846700
0.06840900
0.03532600
0.00917600
0.00000000
0.00000000
0.00000000
0.00000000
0.00000000
0.00000000
0.00000000
0.00000000
0.00000000
0.00000000
0.00000000
0.00000000
0.00000000
0.01572900
0.03908400
0.07315600
0.10125100
0.35679000
0.34746700
0.42215600
0.23823100
0.08550300
0.04409300
0.01751700
0.00000000
0.00000000
0.00000000
0.00000000
0.00000000
0.00000000
0.00000000
0.00000000
0.00000000
0.00000000
0.00000000
0.00000000
0.00000000
0.02038200
0.06565200
0.10912800
0.14194200
0.16327700
0.16882900
0.16086900
0.13907100
0.10430800
0.06034200
0.02351900
0.00000000
0.00000000
0.00000000
0.00000000
0.00000000
0.00000000
0.00000000
0.00000000
0.00000000
0.00000000
0.00000000
0.00000000
0.00000000
0.02581100
0.07237300
0.09833800
0.17079700
0.15554800
0.16138100
0.15324600
0.16722500
0.36412000
0.05026800
0.01713100
0.00000000
0.00000000
0.00000000
0.00000000
0.00000000
0.00000000
0.00000000
0.00000000
0.00000000
0.00000000
0.00000000
0.00000000
0.00000000
0.02245800
0.06799200
0.11140200
0.76513700
0.67916000
0.66108200
0.83333300
0.76407000
0.33208800
0.28185900
0.05918300
0.00000000
0.00000000
0.00000000
0.00000000
0.00000000
0.00000000
0.00000000
0.00000000
0.00000000
0.00000000
0.00000000
0.00000000
0.00000000
0.14608200
0.40683200
0.45070800
0.66453600
0.83333300
0.83333300
0.73615100
0.75428100
0.51059400
0.34650300
0.09248000
0.00000000
0.00000000
0.00000000
0.00000000
0.00000000
0.00000000
0.00000000
0.00000000
0.00000000
0.00000000
0.00000000
0.00000000
0.00000000
0.10534500
0.31982100
0.54205800
0.72640600
0.80591800
0.64316600
0.74476100
0.50902800
0.49704200
0.25780200
0.08595300
0.00000000
0.00000000
0.00000000
0.00000000
0.00000000
0.00000000
0.00000000
0.00000000
0.00000000
0.00000000
0.00000000
0.00000000
0.00000000
0.09596100
0.34242900
0.42147500
0.71914200
0.74732000
0.74286900
0.62786000
0.61519500
0.33536800
0.26406800
0.07070500
0.00000000
0.00000000
0.00000000
0.00000000
0.00000000
0.00000000
0.00000000
0.00000000
0.00000000
0.00000000
0.00000000
0.00000000
0.00000000
0.02963600
0.08247200
0.13321900
0.17109800
0.19490100
0.20126100
0.19090400
0.16343700
0.12347800
0.07195700
0.02179300
0.00000000
0.00000000
0.00000000
0.00000000
0.00000000
0.00000000
0.00000000
0.00000000
0.00000000
0.00000000
0.00000000
0.00000000
0.00000000
0.12576600
0.15781500
0.19414400
0.17975000
0.20360200
0.20944300
0.15621800
0.13504600
0.10293700
0.06289100
0.02055000
0.00000000
0.00000000
0.00000000
0.00000000
0.00000000
0.00000000
0.00000000
0.00000000
0.00000000
0.00000000
0.00000000
0.00000000
0.00000000
0.04014700
0.04980500
0.07784400
0.12047800
0.13595500
0.17045300
0.16220200
0.14163000
0.19174800
0.06734600
0.02317500
0.00000000
0.00000000
0.00000000
0.00000000
0.00000000
0.00000000
0.00000000
0.00000000
0.00000000
0.00000000
0.00000000
0.00000000
0.00409300
0.14301000
0.38781100
0.60072200
0.74590100
0.82993300
0.83333300
0.79771800
0.71081500
0.51963100
0.27216300
0.10251700
0.00000000
0.00000000
0.00000000
0.00000000
0.00000000
0.00000000
0.00000000
0.00000000
0.00000000
0.00000000
0.00000000
0.00000000
0.00046600
0.07745600
0.32342800
0.60690900
0.69066400
0.78730400
0.75405600
0.70639000
0.46256100
0.26942700
0.05681700
0.01805900
0.00000000
0.00000000
0.00000000
0.00000000
0.00000000
0.00000000
0.00000000
0.00000000
0.00000000
0.00000000
0.00000000
0.00000000
0.00332600
0.12472300
0.20227000
0.13468700
0.50454000
0.75206400
0.53179200
0.57054000
0.12797000
0.41078800
0.29494500
0.02009000
0.00000000
0.00000000
0.00000000
0.00000000
0.00000000
0.00000000
0.00000000
0.00000000
0.00000000
0.00000000
0.00000000
0.00000000
0.00038500
0.06951100
0.13894200
0.56450500
0.47410000
0.79383500
0.55367600
0.42335800
0.43137800
0.10877200
0.06859400
0.02459600
0.00000000
0.00000000
0.00000000
0.00000000
0.00000000
0.00000000
0.00000000
0.00000000
0.00000000
0.00000000
0.00000000
0.00000000
0.00036000
0.01996600
0.05223000
0.08732800
0.11472100
0.13145000
0.13651200
0.10519300
0.08945400
0.06493800
0.03648800
0.01606300
0.00000000
0.00000000
0.00000000
0.00000000
0.00000000
0.00000000
0.00000000
0.00000000
0.00000000
0.00000000
0.00000000
0.00000000
0.00042700
0.02269300
0.05819600
0.09277000
0.12039400
0.13651500
0.14229900
0.16286500
0.13940400
0.10424700
0.06106500
0.02210700
0.00000000
0.00000000
0.00000000
0.00000000
0.00000000
0.00000000
0.00000000
0.00000000
0.00000000
0.00000000
0.00000000
0.00000000
0.00213800
0.02793800
0.06897700
0.11066800
0.14379700
0.45164900
0.16890100
0.15991200
0.13527900
0.09924200
0.05722600
0.03681300
0.00000000
0.00000000
0.00000000
0.00000000
0.00000000
0.00000000
0.00000000
0.00000000
0.00000000
0.00000000
0.00000000
0.00000000
0.00368400
0.03081100
0.09543400
0.14832400
0.18894900
0.47922000
0.75847300
0.83333300
0.60527000
0.53236800
0.30902400
0.07887400
0.00000000
0.00000000
0.00000000
0.00000000
0.00000000
0.00000000
0.00000000
0.00000000
0.00000000
0.00000000
0.00000000
0.00000000
0.01277000
0.13332200
0.10046400
0.15333700
0.19317300
0.21620600
0.22103200
0.20837600
0.14152200
0.24685000
0.06468100
0.04011100
0.00000300
0.00000000
0.00000000
0.00000000
0.00000000
0.00000000
0.00000000
0.00000000
0.00000000
0.00000000
0.00000000
0.00000000
0.00543100
0.03878700
0.08449500
0.13316900
0.65737700
0.19374900
0.15869600
0.15207100
0.12943600
0.47102500
0.16705600
0.03168000
0.00182500
0.00000000
0.00000000
0.00000000
0.00000000
0.00000000
0.00000000
0.00000000
0.00000000
0.00000000
0.00000000
0.00000000
0.00287000
0.03962700
0.16804300
0.25906100
0.48445700
0.28955500
0.45813500
0.45200900
0.50783300
0.18124700
0.14940200
0.03885000
0.00472600
0.00000000
0.00000000
0.00000000
0.00000000
0.00000000
0.00000000
0.00000000
0.00000000
0.00000000
0.00000000
0.00000000
0.01006800
0.05014500
0.12314700
0.28461200
0.31682500
0.40373800
0.48661400
0.38468400
0.49655800
0.53738300
0.33371700
0.10128300
0.00085600
0.00000000
0.00000000
0.00000000
0.00000000
0.00000000
0.00000000
0.00000000
0.00000000
0.00000000
0.00000000
0.00000000
0.01191400
0.09945500
0.18927100
0.16389900
0.39200200
0.21401400
0.65870800
0.33239400
0.17764400
0.19259700
0.18442200
0.03571700
0.00116200
0.00000000
0.00000000
0.00000000
0.00000000
0.00000000
0.00000000
0.00000000
0.00000000
0.00000000
0.00000000
0.00000000
0.00590200
0.04727000
0.09120900
0.13006300
0.39375000
0.51031300
0.39572900
0.64991100
0.52426400
0.49783700
0.30129300
0.11918000
0.00495400
0.00000000
0.00000000
0.00000000
0.00000000
0.00000000
0.00000000
0.00000000
0.00000000
0.00000000
0.00000000
0.00000000
0.01966200
0.16019900
0.05490600
0.08265100
0.59825900
0.76033400
0.79911500
0.75970600
0.62616600
0.43276300
0.28186500
0.09199500
0.00273900
0.00000000
0.00000000
0.00000000
0.00000000
0.00000000
0.00000000
0.00000000
0.00000000
0.00000000
0.00000000
0.00000000
0.01223300
0.09158400
0.23578300
0.21910800
0.63345100
0.50930000
0.65055600
0.33549100
0.30300200
0.14086000
0.09020000
0.03777000
0.00018700
0.00000000
0.00000000
0.00000000
0.00000000
0.00000000
0.00000000
0.00000000
0.00000000
0.00000000
0.00000000
0.00000000
0.00737700
0.08277800
0.09184800
0.10709700
0.15902600
0.17690200
0.15227100
0.14479600
0.12635400
0.08087200
0.05235700
0.02666000
0.00812600
0.00000000
0.00000000
0.00000000
0.00000000
0.00000000
0.00000000
0.00000000
0.00000000
0.00000000
0.00000000
0.00000000
0.01056900
0.04191700
0.08684100
0.12651000
0.15759000
0.17563700
0.17927800
0.16971900
0.14716500
0.11326900
0.07085700
0.02838500
0.00346100
0.00000000
0.00000000
0.00000000
0.00000000
0.00000000
0.00000000
0.00000000
0.00000000
0.00000000
0.00000000
0.00000000
0.02514200
0.19513600
0.41355300
0.57576100
0.66658700
0.80901300
0.76308400
0.75752400
0.70073400
0.49915500
0.30567800
0.10761300
0.00275300
0.00000000
0.00000000
0.00000000
0.00000000
0.00000000
0.00000000
0.00000000
0.00000000
0.00000000
0.00000000
0.00000000
0.02598200
0.17557600
0.38484600
0.54422200
0.68637500
0.34846500
0.33097000
0.31576500
0.17821900
0.13736600
0.17170100
0.03718300
0.00373300
0.00000000
0.00000000
0.00000000
0.00000000
0.00000000
0.00000000
0.00000000
0.00000000
0.00000000
0.00000000
0.00000000
0.01068400
0.03083700
0.07337800
0.08654600
0.10658500
0.11809800
0.11978000
0.16631300
0.14548900
0.11334300
0.04093300
0.10283800
0.00640900
0.00000000
0.00000000
0.00000000
0.00000000
0.00000000
0.00000000
0.00000000
0.00000000
0.00000000
0.00000000
0.00000000
0.01935500
0.14451900
0.08437100
0.12208800
0.15109200
0.16815200
0.17457700
0.16576700
0.63722300
0.10718900
0.23453500
0.02810600
0.00549000
0.00000000
0.00000000
0.00000000
0.00000000
0.00000000
0.00000000
0.00000000
0.00000000
0.00000000
0.00000000
0.00000000
0.02266800
0.16354500
0.33086500
0.49167400
0.65705300
0.71917700
0.39042600
0.68970700
0.20618200
0.48204400
0.28292100
0.08931700
0.00712700
0.00000000
0.00000000
0.00000000
0.00000000
0.00000000
0.00000000
0.00000000
0.00000000
0.00000000
0.00000000
0.00000000
0.01991200
0.04438300
0.08477500
0.12180400
0.14974800
0.16422600
0.21322000
0.20133600
0.17405700
0.10651700
0.06740200
0.02852200
0.00445700
0.00000000
0.00000000
0.00000000
0.00000000
0.00000000
0.00000000
0.00000000
0.00000000
0.00000000
0.00000000
0.00000000
0.00759000
0.03442600
0.06405500
0.08842800
0.10730700
0.31048000
0.24623400
0.20790000
0.14278000
0.11182300
0.07412700
0.03864300
0.00361200
0.00000000
0.00000000
0.00000000
0.00000000
0.00000000
0.00000000
0.00000000
0.00000000
0.00000000
0.00000000
0.00000000
0.01701100
0.04840700
0.09146500
0.13167600
0.16146900
0.17816300
0.47072200
0.17349300
0.15199100
0.11699100
0.07444500
0.03222700
0.00578400
0.00000000
0.00000000
0.00000000
0.00000000
0.00000000
0.00000000
0.00000000
0.00000000
0.00000000
0.00000000
0.00000000
0.03183800
0.17764700
0.41976600
0.54820800
0.73636100
0.81356000
0.83333300
0.77537900
0.61188400
0.51559800
0.26771900
0.09780600
0.00917500
0.00000000
0.00000000
0.00000000
0.00000000
0.00000000
0.00000000
0.00000000
0.00000000
0.00000000
0.00000000
0.00000000
0.02427700
0.22098600
0.44830400
0.64997700
0.72055000
0.78928900
0.76058500
0.79166000
0.23252400
0.16137900
0.11036000
0.05465300
0.00649900
0.00000000
0.00000000
0.00000000
0.00000000
0.00000000
0.00000000
0.00000000
0.00000000
0.00000000
0.00000000
0.00000000
0.03064300
0.04958200
0.11556300
0.16109000
0.15525100
0.17552500
0.18012400
0.17202500
0.14846300
0.11339300
0.07193000
0.03861200
0.00792000
0.00000000
0.00000000
0.00000000
0.00000000
0.00000000
0.00000000
0.00000000
0.00000000
0.00000000
0.00000000
0.00000000
0.05262200
0.06726100
0.12125400
0.16877200
0.16050300
0.17665500
0.17980000
0.17051400
0.14780200
0.11619300
0.07560900
0.03364100
0.00781400
0.00000000
0.00000000
0.00000000
0.00000000
0.00000000
0.00000000
0.00000000
0.00000000
0.00000000
0.00000000
0.00000000
0.02068400
0.06187200
0.10507600
0.14140700
0.16834200
0.18265000
0.18583700
0.17598200
0.15483200
0.52155900
0.18783300
0.04209500
0.00538900
0.00000000
0.00000000
0.00000000
0.00000000
0.00000000
0.00000000
0.00000000
0.00000000
0.00000000
0.00000000
0.00000000
0.03615000
0.19719200
0.41422500
0.59118100
0.66163000
0.77772600
0.82259100
0.73926100
0.63001200
0.41977100
0.24978000
0.09924800
0.01583400
0.00000000
0.00000000
0.00000000
0.00000000
0.00000000
0.00000000
0.00000000
0.00000000
0.00000000
0.00000000
0.00000000
0.03538300
0.19316100
0.39402300
0.26973100
0.17203000
0.18811900
0.19087500
0.18150500
0.15977100
0.12818400
0.08818000
0.04457600
0.00561100
0.00000000
0.00000000
0.00000000
0.00000000
0.00000000
0.00000000
0.00000000
0.00000000
0.00000000
0.00000000
0.00000000
0.02123000
0.06175000
0.10401700
0.14063800
0.52751500
0.18184500
0.18700600
0.17694100
0.15539200
0.30481100
0.09559000
0.10982500
0.01238600
0.00000000
0.00000000
0.00000000
0.00000000
0.00000000
0.00000000
0.00000000
0.00000000
0.00000000
0.00000000
0.00000000
0.02859500
0.07969800
0.13228800
0.17661500
0.16540700
0.22812100
0.23311400
0.17590600
0.15526900
0.12417600
0.08361900
0.04097900
0.00857600
0.00000000
0.00000000
0.00000000
0.00000000
0.00000000
0.00000000
0.00000000
0.00000000
0.00000000
0.00000000
0.00000000
0.01780100
0.03700600
0.06714000
0.13751300
0.11370200
0.12575900
0.12797300
0.12074600
0.10491600
0.08140500
0.05196700
0.02725000
0.00721100
0.00000000
0.00000000
0.00000000
0.00000000
0.00000000
0.00000000
0.00000000
0.00000000
0.00000000
0.00000000
0.00000000
0.03879700
0.10490300
0.13167600
0.45655900
0.36970500
0.54906100
0.63264600
0.36334600
0.30219600
0.27927200
0.23231500
0.11860900
0.01437500
0.00000000
0.00000000
0.00000000
0.00000000
0.00000000
0.00000000
0.00000000
0.00000000
0.00000000
0.00000000
0.00000000
0.02282400
0.05937700
0.09457300
0.12544800
0.14767400
0.16089100
0.16202300
0.15400100
0.13634600
0.10935400
0.07639600
0.04766700
0.00869300
0.00000000
0.00000000
0.00000000
0.00000000
0.00000000
0.00000000
0.00000000
0.00000000
0.00000000
0.00000000
0.00109400
0.04495400
0.20808900
0.39556200
0.55987200
0.73654600
0.79261700
0.75786700
0.34296700
0.56767600
0.48670400
0.24956800
0.12248700
0.01664800
0.00000000
0.00000000
0.00000000
0.00000000
0.00000000
0.00000000
0.00000000
0.00000000
0.00000000
0.00000000
0.00000000
0.02397800
0.06389600
0.10701300
0.14367100
0.17135500
0.15541000
0.15744300
0.14948900
0.19817800
0.23711000
0.30824600
0.10464800
0.01566400
0.00000000
0.00000000
0.00000000
0.00000000
0.00000000
0.00000000
0.00000000
0.00000000
0.00000000
0.00000000
0.00135200
0.03999400
0.05006000
0.07962500
0.33098700
0.66062000
0.77300400
0.54128500
0.69409400
0.55567500
0.47403700
0.18436900
0.06025300
0.01421500
0.00000000
0.00000000
0.00000000
0.00000000
0.00000000
0.00000000
0.00000000
0.00000000
0.00000000
0.00000000
0.00183100
0.04000500
0.09281600
0.14123200
0.18302500
0.21381600
0.18278600
0.23405900
0.17678200
0.15760500
0.32075700
0.30621400
0.09165000
0.02341900
0.00000000
0.00000000
0.00000000
0.00000000
0.00000000
0.00000000
0.00000000
0.00000000
0.00000000
0.00000000
0.00263300
0.05442800
0.21456000
0.35122000
0.53531200
0.58325500
0.22559400
0.23061700
0.21829000
0.19264300
0.15546400
0.10908200
0.05796800
0.01380700
0.00000000
0.00000000
0.00000000
0.00000000
0.00000000
0.00000000
0.00000000
0.00000000
0.00000000
0.00000000
0.00508700
0.05498900
0.06835800
0.10965300
0.14458100
0.17009800
0.18662300
0.18791000
0.17875400
0.19737400
0.12443900
0.10842300
0.05685100
0.01260600
0.00000000
0.00000000
0.00000000
0.00000000
0.00000000
0.00000000
0.00000000
0.00000000
0.00000000
0.00000000
0.00316700
0.04953300
0.07813300
0.15311600
0.35746000
0.24880900
0.17395500
0.17698500
0.16776700
0.14652900
0.11568200
0.09805600
0.04971400
0.02056400
0.00000000
0.00000000
0.00000000
0.00000000
0.00000000
0.00000000
0.00000000
0.00000000
0.00000000
0.00000000
0.00217100
0.03053500
0.07085800
0.11088600
0.18258600
0.64766800
0.69179900
0.72340000
0.61837200
0.63277000
0.44809300
0.18459900
0.10381700
0.01937400
0.00000000
0.00000000
0.00000000
0.00000000
0.00000000
0.00000000
0.00000000
0.00000000
0.00000000
0.00000000
0.00831700
0.04116800
0.10960200
0.16008700
0.28062900
0.73435000
0.19251600
0.19808100
0.18975100
0.16664200
0.11064900
0.09260800
0.04981600
0.01324200
0.00000000
0.00000000
0.00000000
0.00000000
0.00000000
0.00000000
0.00000000
0.00000000
0.00000000
0.00000000
0.00596600
0.04454600
0.22175100
0.43794900
0.48551300
0.39252600
0.38238800
0.24458900
0.23347300
0.20683500
0.17171100
0.12160900
0.06890300
0.02023300
0.00000000
0.00000000
0.00000000
0.00000000
0.00000000
0.00000000
0.00000000
0.00000000
0.00000000
0.00000000
0.00471700
0.03122700
0.07185100
0.11319300
0.14805000
0.17290900
0.48122600
0.45737000
0.64981900
0.16063500
0.12997400
0.09092200
0.04885700
0.01554800
0.00000000
0.00000000
0.00000000
0.00000000
0.00000000
0.00000000
0.00000000
0.00000000
0.00000000
0.00000000
0.01121200
0.05215200
0.14342200
0.34487600
0.57318500
0.66968400
0.76864200
0.60471400
0.56743000
0.44853100
0.40229000
0.22718100
0.11291600
0.02735200
0.00000000
0.00000000
0.00000000
0.00000000
0.00000000
0.00000000
0.00000000
0.00000000
0.00000000
0.00000000
0.01172300
0.05119200
0.21880300
0.41443100
0.16866100
0.21651700
0.23374000
0.23557300
0.22291300
0.19578900
0.12245100
0.08305300
0.04342600
0.02023200
0.00000000
0.00000000
0.00000000
0.00000000
0.00000000
0.00000000
0.00000000
0.00000000
0.00000000
0.00000000
0.00885200
0.03023700
0.04544200
0.21996800
0.46270600
0.62065100
0.57589500
0.60524900
0.56628100
0.47163100
0.41252700
0.28924700
0.11128000
0.03620500
0.00000000
0.00000000
0.00000000
0.00000000
0.00000000
0.00000000
0.00000000
0.00000000
0.00000000
0.00000000
0.01271400
0.05947800
0.23419700
0.42390600
0.55901800
0.62158200
0.80691200
0.78605200
0.50945200
0.58729900
0.32822100
0.29930800
0.09637100
0.02736000
0.00000000
0.00000000
0.00000000
0.00000000
0.00000000
0.00000000
0.00000000
0.00000000
0.00000000
0.00000000
0.00968800
0.04909100
0.10208000
0.15204200
0.19532400
0.22615100
0.24228300
0.24500900
0.18470600
0.16385900
0.13259000
0.09493100
0.05440900
0.01672400
0.00000000
0.00000000
0.00000000
0.00000000
0.00000000
0.00000000
0.00000000
0.00000000
0.00000000
0.00000000
0.01428000
0.05562400
0.18569400
0.14937300
0.36042700
0.36962700
0.50027100
0.29803600
0.35850200
0.24447800
0.20182000
0.12155900
0.13715900
0.03780100
0.00000000
0.00000000
0.00000000
0.00000000
0.00000000
0.00000000
0.00000000
0.00000000
0.00000000
0.00000000
0.00868000
0.03609400
0.07768400
0.11970100
0.15506300
0.18133800
0.19581400
0.19919600
0.32231800
0.16586100
0.15053800
0.29962400
0.10144700
0.04474700
0.00000000
0.00000000
0.00000000
0.00000000
0.00000000
0.00000000
0.00000000
0.00000000
0.00000000
0.00000000
0.01501300
0.05868600
0.23979700
0.44878600
0.55746100
0.70465100
0.59555600
0.75514100
0.34125400
0.20848200
0.29166600
0.09949700
0.05840500
0.01976100
0.00000000
0.00000000
0.00000000
0.00000000
0.00000000
0.00000000
0.00000000
0.00000000
0.00000000
0.00000000
0.00988400
0.02935600
0.06372900
0.11880300
0.25181100
0.59313200
0.74872600
0.74104400
0.40115900
0.63617100
0.16955600
0.09334800
0.06590300
0.02401200
0.00000000
0.00000000
0.00000000
0.00000000
0.00000000
0.00000000
0.00000000
0.00000000
0.00000000
0.00000000
0.01402800
0.07006100
0.14052800
0.21907000
0.36526600
0.31755300
0.48691300
0.73493600
0.67637000
0.32238400
0.29671100
0.19552400
0.09587500
0.03961300
0.00000000
0.00000000
0.00000000
0.00000000
0.00000000
0.00000000
0.00000000
0.00000000
0.00000000
0.00000000
0.01981500
0.08761400
0.18824500
0.39312000
0.46438300
0.65160200
0.68170600
0.76286700
0.56125800
0.57338000
0.41705100
0.27777800
0.11477300
0.04439400
0.00000000
0.00000000
0.00000000
0.00000000
0.00000000
0.00000000
0.00000000
0.00000000
0.00000000
0.00000000
0.01083000
0.07940700
0.14264600
0.31299900
0.22722900
0.46126100
0.43492700
0.32600000
0.55911000
0.57679400
0.47510100
0.28642400
0.09945200
0.02938600
0.00000000
0.00000000
0.00000000
0.00000000
0.00000000
0.00000000
0.00000000
0.00000000
0.00000000
0.00000000
0.00948800
0.04312000
0.08586000
0.12675400
0.16175000
0.18648800
0.19963100
0.55893600
0.19100400
0.24486100
0.34395500
0.12660100
0.11670300
0.02646000
0.00000000
0.00000000
0.00000000
0.00000000
0.00000000
0.00000000
0.00000000
0.00000000
0.00000000
0.00000000
0.01413100
0.03691100
0.07719700
0.08229200
0.12899300
0.15183000
0.16566900
0.19917000
0.72369900
0.63203200
0.29185000
0.09361900
0.05213500
0.02363700
0.00000000
0.00000000
0.00000000
0.00000000
0.00000000
0.00000000
0.00000000
0.00000000
0.00000000
0.00000000
0.02031700
0.05338600
0.19081700
0.22295100
0.10879900
0.31808100
0.42081000
0.37921000
0.38687400
0.36564000
0.14047300
0.17195200
0.05834400
0.02817200
0.00000000
0.00000000
0.00000000
0.00000000
0.00000000
0.00000000
0.00000000
0.00000000
0.00000000
0.00000000
0.00557700
0.02986700
0.06015200
0.08745300
0.11119500
0.12590600
0.16176500
0.16277700
0.15345600
0.16541700
0.13617800
0.09978400
0.04080600
0.02254900
0.00000000
0.00000000
0.00000000
0.00000000
0.00000000
0.00000000
0.00000000
0.00000000
0.00000000
0.00000000
0.01482400
0.03933000
0.19964400
0.39514000
0.57734700
0.65002300
0.56092500
0.41714300
0.61749000
0.37083900
0.38316800
0.27409800
0.10463400
0.03554300
0.00089900
0.00000000
0.00000000
0.00000000
0.00000000
0.00000000
0.00000000
0.00000000
0.00000000
0.00000000
0.01491200
0.05765100
0.08798000
0.44359900
0.16180200
0.18610400
0.19893800
0.20136600
0.51915600
0.58562200
0.38917300
0.27557000
0.14391600
0.04817900
0.00016100
0.00000000
0.00000000
0.00000000
0.00000000
0.00000000
0.00000000
0.00000000
0.00000000
0.00000000
0.01908200
0.04649300
0.21738500
0.45832300
0.58807700
0.69972700
0.71183600
0.78762500
0.75040600
0.60177900
0.50933600
0.31028500
0.11048000
0.01941600
0.00039300
0.00000000
0.00000000
0.00000000
0.00000000
0.00000000
0.00000000
0.00000000
0.00000000
0.00000000
0.02149100
0.06566300
0.24399000
0.40977100
0.35944700
0.73033200
0.24481000
0.24893500
0.23602400
0.21118200
0.17474800
0.12848000
0.07794900
0.03082300
0.00010800
0.00000000
0.00000000
0.00000000
0.00000000
0.00000000
0.00000000
0.00000000
0.00000000
0.00000000
0.03245900
0.07925600
0.10320200
0.33728200
0.18897900
0.21892900
0.23590200
0.23854400
0.22734700
0.20389200
0.16657300
0.12082800
0.07121600
0.02797400
0.00072200
0.00000000
0.00000000
0.00000000
0.00000000
0.00000000
0.00000000
0.00000000
0.00000000
0.00000000
0.01876600
0.04668000
0.07604800
0.11697000
0.15245900
0.22442200
0.24282500
0.19524700
0.23226600
0.20501600
0.13240000
0.09344200
0.05727400
0.03901300
0.00233000
0.00000000
0.00000000
0.00000000
0.00000000
0.00000000
0.00000000
0.00000000
0.00000000
0.00000000
0.02670800
0.05976300
0.21249200
0.40533800
0.57553100
0.61117800
0.48230600
0.55119200
0.61531900
0.56240000
0.39774400
0.26137900
0.12632500
0.02641200
0.00403500
0.00000000
0.00000000
0.00000000
0.00000000
0.00000000
0.00000000
0.00000000
0.00000000
0.00000000
0.01666900
0.05000900
0.23197000
0.44809000
0.53271300
0.62318900
0.69887700
0.67029100
0.65729100
0.58211400
0.46323000
0.31904800
0.11384200
0.02864500
0.00171500
0.00000000
0.00000000
0.00000000
0.00000000
0.00000000
0.00000000
0.00000000
0.00000000
0.00000000
0.02398900
0.07696200
0.13049300
0.17981300
0.31102700
0.31900500
0.40380500
0.23620700
0.22886800
0.20236800
0.16682300
0.12224100
0.07342500
0.02954000
0.00221700
0.00000000
0.00000000
0.00000000
0.00000000
0.00000000
0.00000000
0.00000000
0.00000000
0.00000000
0.02190300
0.05136900
0.09913100
0.14808300
0.18930100
0.22012000
0.23814400
0.24171500
0.22999900
0.16412400
0.17034300
0.09861100
0.05754100
0.02537500
0.00157500
0.00000000
0.00000000
0.00000000
0.00000000
0.00000000
0.00000000
0.00000000
0.00000000
0.00000000
0.01412500
0.05029900
0.09065700
0.10767600
0.16135600
0.18377900
0.19596900
0.52641400
0.18782500
0.16947600
0.14015700
0.10594500
0.06700900
0.02909100
0.00074900
0.00000000
0.00000000
0.00000000
0.00000000
0.00000000
0.00000000
0.00000000
0.00000000
0.00000000
0.00890500
0.02804400
0.05611300
0.08343200
0.12725600
0.17159900
0.18624600
0.18594400
0.18276400
0.16379000
0.16918100
0.09869400
0.05918200
0.02346500
0.00150400
0.00000000
0.00000000
0.00000000
0.00000000
0.00000000
0.00000000
0.00000000
0.00000000
0.00000000
0.03674600
0.07455500
0.21640700
0.36490700
0.51282500
0.60196400
0.59463600
0.26664200
0.27104900
0.23914400
0.39373000
0.25928400
0.12164800
0.03919200
0.00197000
0.00000000
0.00000000
0.00000000
0.00000000
0.00000000
0.00000000
0.00000000
0.00000000
0.00000000
0.03395200
0.07283300
0.22603400
0.38816500
0.51347400
0.55902500
0.63118800
0.21186600
0.61004600
0.53205000
0.19572100
0.16637500
0.11757800
0.04564400
0.00216500
0.00000000
0.00000000
0.00000000
0.00000000
0.00000000
0.00000000
0.00000000
0.00000000
0.00000000
0.02651000
0.08662800
0.19233500
0.32675500
0.45745400
0.43951900
0.24329400
0.18620300
0.19211500
0.20329500
0.18426400
0.13087000
0.05043500
0.02112900
0.00000000
0.00000000
0.00000000
0.00000000
0.00000000
0.00000000
0.00000000
0.00000000
0.00000000
0.00000000
0.03384800
0.07537000
0.18163700
0.22290800
0.22858800
0.35511100
0.35904900
0.35645300
0.16367700
0.31638900
0.31391200
0.16137600
0.12378200
0.04519700
0.00133300
0.00000000
0.00000000
0.00000000
0.00000000
0.00000000
0.00000000
0.00000000
0.00000000
0.00000000
0.02645400
0.07133300
0.21603200
0.36872500
0.47965200
0.60853600
0.64888100
0.69540600
0.66139700
0.54379900
0.41340200
0.27493000
0.12136100
0.03616800
0.00261700
0.00000000
0.00000000
0.00000000
0.00000000
0.00000000
0.00000000
0.00000000
0.00000000
0.00000000
0.03361600
0.08575200
0.21841400
0.38643500
0.48340000
0.42170800
0.69507300
0.71713000
0.67508300
0.60432000
0.46164000
0.29329700
0.12163500
0.03460100
0.00339900
0.00000000
0.00000000
0.00000000
0.00000000
0.00000000
0.00000000
0.00000000
0.00000000
0.00000000
0.03855100
0.08507100
0.21872800
0.37623800
0.49864400
0.49225800
0.57992900
0.60122300
0.57779900
0.52410300
0.41906400
0.27179900
0.12640100
0.04633600
0.00268400
0.00000000
0.00000000
0.00000000
0.00000000
0.00000000
0.00000000
0.00000000
0.00000000
0.00000000
0.03484300
0.08519600
0.15837900
0.36902600
0.51229200
0.62577600
0.68529900
0.67369400
0.65011300
0.58085800
0.43876900
0.22423100
0.13279400
0.04202200
0.00506300
0.00000000
0.00000000
0.00000000
0.00000000
0.00000000
0.00000000
0.00000000
0.00000000
0.00000000
0.03818800
0.08189500
0.11875300
0.14257600
0.42944400
0.51941700
0.65942700
0.68862300
0.65346300
0.56055200
0.44930300
0.29345700
0.13083900
0.04450600
0.00519300
0.00000000
0.00000000
0.00000000
0.00000000
0.00000000
0.00000000
0.00000000
0.00000000
0.00000000
0.00274200
0.09548200
0.15795300
0.32364800
0.46043800
0.58703200
0.63199700
0.68677400
0.63033100
0.57737700
0.33674800
0.10409900
0.11985200
0.04062100
0.00586300
0.00000000
0.00000000
0.00000000
0.00000000
0.00000000
0.00000000
0.00000000
0.00000000
0.00000000
0.03375800
0.08307000
0.09327700
0.33669400
0.22769700
0.42285300
0.68468800
0.67868300
0.54677000
0.46565200
0.46296800
0.30841600
0.12229100
0.04319400
0.00632700
0.00000000
0.00000000
0.00000000
0.00000000
0.00000000
0.00000000
0.00000000
0.00000000
0.00000000
0.03310400
0.07798900
0.07477000
0.16451900
0.26718000
0.12631900
0.56401900
0.62689900
0.56950700
0.47079200
0.30024800
0.20400600
0.12341700
0.04138600
0.00504300
0.00000000
0.00000000
0.00000000
0.00000000
0.00000000
0.00000000
0.00000000
0.00000000
0.00000000
0.03131900
0.03705300
0.06136900
0.12848400
0.43281700
0.29083200
0.65336800
0.49050300
0.63655800
0.55056000
0.22395200
0.26132900
0.08561000
0.03396600
0.00758300
0.00000000
0.00000000
0.00000000
0.00000000
0.00000000
0.00000000
0.00000000
0.00000000
0.00000000
0.02527900
0.05214900
0.17010200
0.40234800
0.53429700
0.63333700
0.40306700
0.65628000
0.60445500
0.47168900
0.36931100
0.25254500
0.12779900
0.04653700
0.00575000
0.00000000
0.00000000
0.00000000
0.00000000
0.00000000
0.00000000
0.00000000
0.00000000
0.00000000
0.03891700
0.08151200
0.22432700
0.37485000
0.35415200
0.46439200
0.47721000
0.59957800
0.57405200
0.49456900
0.06721800
0.13036000
0.14187800
0.04685300
0.00000000
0.00000000
0.00000000
0.00000000
0.00000000
0.00000000
0.00000000
0.00000000
0.00000000
0.00000000
0.03252400
0.07802000
0.09226800
0.11294800
0.11971800
0.16848800
0.09405800
0.10988200
0.29466200
0.17902800
0.09752400
0.16286300
0.08943800
0.04083800
0.00761000
0.00000000
0.00000000
0.00000000
0.00000000
0.00000000
0.00000000
0.00000000
0.00000000
0.00000000
0.03967000
0.08287400
0.14840100
0.24666900
0.20461200
0.30204400
0.37214000
0.44687400
0.31702900
0.20889400
0.16296300
0.11370300
0.08624400
0.04808100
0.00068200
0.00000000
0.00000000
0.00000000
0.00000000
0.00000000
0.00000000
0.00000000
0.00000000
0.00000000
0.03666700
0.08359600
0.18128300
0.34401400
0.43873100
0.50915200
0.53723300
0.29567900
0.48145600
0.15022900
0.19048800
0.15738900
0.07722500
0.04396300
0.00657800
0.00000000
0.00000000
0.00000000
0.00000000
0.00000000
0.00000000
0.00000000
0.00000000
0.00000000
0.03703700
0.08086500
0.13079400
0.23275000
0.23880600
0.22851900
0.22612800
0.25229300
0.36964600
0.33360600
0.21659100
0.14898000
0.14702100
0.04201800
0.00842100
0.00000000
0.00000000
0.00000000
0.00000000
0.00000000
0.00000000
0.00000000
0.00000000
0.00000000
0.03783600
0.06725500
0.21271100
0.38253500
0.52029400
0.61373900
0.66432600
0.67989300
0.65615700
0.57168100
0.46624500
0.30433700
0.12919500
0.03587300
0.00808900
0.00000000
0.00000000
0.00000000
0.00000000
0.00000000
0.00000000
0.00000000
0.00000000
0.00000000
0.03986600
0.06862400
0.22211900
0.37221800
0.52706400
0.59777200
0.63692400
0.44911500
0.52179200
0.58468600
0.44559600
0.12110300
0.09003300
0.01471300
0.00056100
0.00000000
0.00000000
0.00000000
0.00000000
0.00000000
0.00000000
0.00000000
0.00000000
0.00000000
0.01079900
0.07033000
0.07730300
0.37058100
0.49560000
0.61230600
0.69777500
0.71209200
0.66736500
0.58995200
0.47798700
0.29817300
0.14360400
0.05090800
0.00874800
0.00000000
0.00000000
0.00000000
0.00000000
0.00000000
0.00000000
0.00000000
0.00000000
0.00000000
0.03741900
0.06447300
0.21269700
0.37585000
0.50349900
0.63778000
0.70313800
0.70512500
0.66081300
0.58882900
0.47341300
0.17793600
0.15604300
0.04279300
0.00733100
0.00000000
0.00000000
0.00000000
0.00000000
0.00000000
0.00000000
0.00000000
0.00000000
0.00000000
0.03712500
0.06668800
0.20988800
0.37330800
0.50935400
0.63420000
0.69481000
0.69282400
0.66001900
0.59317500
0.43755700
0.28672400
0.13359000
0.03931300
0.00637100
0.00000000
0.00000000
0.00000000
0.00000000
0.00000000
0.00000000
0.00000000
0.00000000
0.00000000
0.03388300
0.07518500
0.17028600
0.35486700
0.49304400
0.59724300
0.67147900
0.67473400
0.63948900
0.54298700
0.23148700
0.07498400
0.11951700
0.04541200
0.00777600
0.00000000
0.00000000
0.00000000
0.00000000
0.00000000
0.00000000
0.00000000
0.00000000
0.00000000
0.03554100
0.06725200
0.20210300
0.35490300
0.46819100
0.58013100
0.64032400
0.65301800
0.60546100
0.55145900
0.42756900
0.28746300
0.13072000
0.03970600
0.00841100
0.00000000
0.00000000
0.00000000
0.00000000
0.00000000
0.00000000
0.00000000
0.00000000
0.00000000
0.03509100
0.06734800
0.19781600
0.35461700
0.47216100
0.57440800
0.63736400
0.63432300
0.61084500
0.50639600
0.39859700
0.29115900
0.13900200
0.04356900
0.00243200
0.00000000
0.00000000
0.00000000
0.00000000
0.00000000
0.00000000
0.00000000
0.00000000
0.00000000
0.01864200
0.05575100
0.09629200
0.13136500
0.16199400
0.18945400
0.20213200
0.20367900
0.19172200
0.17294200
0.14430500
0.10612700
0.06931800
0.03085100
0.00047300
0.00000000
0.00000000
0.00000000
0.00000000
0.00000000
0.00000000
0.00000000
0.00000000
0.00000000
0.00339300
0.02185300
0.08038200
0.10424900
0.11063100
0.39194000
0.55728800
0.61699200
0.63466400
0.54551300
0.44371100
0.27208500
0.13243000
0.04600700
0.00717100
0.00000000
0.00000000
0.00000000
0.00000000
0.00000000
0.00000000
0.00000000
0.00000000
0.00000000
0.03118500
0.07960500
0.18994000
0.35093800
0.47962500
0.58789400
0.66621600
0.62946600
0.54414000
0.54435800
0.44366500
0.29390100
0.13757900
0.03309300
0.00463700
0.00000000
0.00000000
0.00000000
0.00000000
0.00000000
0.00000000
0.00000000
0.00000000
0.00000000
0.03274700
0.06193500
0.19737800
0.36355200
0.52920500
0.65802600
0.70992900
0.72691600
0.68619000
0.60494600
0.46612100
0.31093700
0.12864400
0.03119100
0.00742700
0.00000000
0.00000000
0.00000000
0.00000000
0.00000000
0.00000000
0.00000000
0.00000000
0.00000000
0.03468100
0.06718100
0.19719800
0.35572800
0.51305700
0.62740700
0.65488200
0.67953500
0.63730400
0.56399200
0.45499000
0.30502700
0.13088500
0.03574900
0.00679600
0.00000000
0.00000000
0.00000000
0.00000000
0.00000000
0.00000000
0.00000000
0.00000000
0.00000000
0.03194500
0.08037500
0.19266700
0.35428000
0.52299400
0.62323400
0.68857100
0.69933900
0.66301600
0.57552000
0.45836200
0.29573000
0.13598600
0.05084300
0.00618100
0.00000000
0.00000000
0.00000000
0.00000000
0.00000000
0.00000000
0.00000000
0.00000000
0.00000000
0.02746700
0.03279100
0.04877400
0.10119100
0.08541700
0.09292700
0.12718800
0.11271400
0.10235800
0.09552400
0.10150700
0.06726000
0.04416800
0.01506800
0.00431700
0.00000000
0.00000000
0.00000000
0.00000000
0.00000000
0.00000000
0.00000000
0.00000000
0.00000000
0.03120900
0.08809000
0.18664600
0.30446200
0.40867300
0.47510600
0.52644300
0.53605300
0.51273400
0.45154800
0.36789800
0.26393800
0.13470200
0.04743000
0.00843400
0.00000000
0.00000000
0.00000000
0.00000000
0.00000000
0.00000000
0.00000000
0.00000000
0.00000000
0.03283200
0.07507500
0.18716300
0.30512700
0.40567000
0.60857600
0.59140700
0.63336800
0.28196900
0.37507600
0.16198500
0.13994900
0.10930100
0.04769800
0.00711500
0.00000000
0.00000000
0.00000000
0.00000000
0.00000000
0.00000000
0.00000000
0.00000000
0.00000000
0.00432600
0.02826700
0.05404400
0.11963200
0.12180700
0.29455300
0.14323700
0.42631200
0.17793900
0.13454400
0.08719600
0.06618900
0.04775600
0.05022700
0.00000000
0.00000000
0.00000000
0.00000000
0.00000000
0.00000000
0.00000000
0.00000000
0.00000000
0.00000000
0.00429100
0.07746400
0.08996600
0.22013500
0.28410400
0.37553900
0.61176600
0.36350700
0.30435600
0.18774600
0.21562500
0.25377800
0.08466800
0.04816500
0.00607100
0.00000000
0.00000000
0.00000000
0.00000000
0.00000000
0.00000000
0.00000000
0.00000000
0.00000000
0.03075200
0.06247500
0.12538600
0.21596600
0.49803000
0.57653800
0.65632000
0.68529700
0.65762600
0.56622400
0.46668300
0.30588900
0.12871200
0.03423300
0.00551800
0.00000000
0.00000000
0.00000000
0.00000000
0.00000000
0.00000000
0.00000000
0.00000000
0.00000000
0.02947700
0.06033100
0.19894500
0.32197800
0.51092400
0.64242200
0.70400000
0.62832200
0.68297900
0.60299500
0.47002700
0.31798200
0.13114000
0.03217500
0.00615500
0.00000000
0.00000000
0.00000000
0.00000000
0.00000000
0.00000000
0.00000000
0.00000000
0.00000000
0.02905000
0.05673500
0.19256900
0.36901000
0.53426400
0.63843400
0.69258300
0.72238100
0.68340300
0.60127900
0.47384900
0.31510700
0.13138900
0.03647800
0.00612000
0.00000000
0.00000000
0.00000000
0.00000000
0.00000000
0.00000000
0.00000000
0.00000000
0.00000000
0.03113600
0.05905000
0.19129900
0.35397600
0.50175200
0.59384300
0.66956800
0.60819600
0.55383500
0.53736700
0.37358000
0.18776000
0.12364000
0.04934400
0.00203300
0.00000000
0.00000000
0.00000000
0.00000000
0.00000000
0.00000000
0.00000000
0.00000000
0.00000000
0.03037100
0.05702900
0.19055600
0.35627000
0.52393600
0.61390000
0.66748700
0.68220000
0.63864100
0.58048400
0.46707600
0.31206500
0.13009600
0.03182000
0.00404700
0.00000000
0.00000000
0.00000000
0.00000000
0.00000000
0.00000000
0.00000000
0.00000000
0.00000000
0.02391800
0.06889800
0.18053700
0.32704900
0.47843400
0.36784000
0.50672300
0.55100300
0.54650400
0.43434800
0.36660400
0.17240400
0.12435700
0.04453000
0.00400800
0.00000000
0.00000000
0.00000000
0.00000000
0.00000000
0.00000000
0.00000000
0.00000000
0.00000000
0.02726800
0.07078000
0.19056700
0.33321500
0.47654100
0.56823500
0.46743000
0.39660200
0.37763800
0.33457700
0.41668700
0.30030500
0.13229000
0.03718300
0.00390300
0.00000000
0.00000000
0.00000000
0.00000000
0.00000000
0.00000000
0.00000000
0.00000000
0.00000000
0.02700000
0.06703200
0.17942000
0.33358400
0.48069500
0.60053300
0.63576800
0.68083100
0.64099000
0.53281200
0.43201700
0.19270600
0.13684700
0.04998900
0.00324900
0.00000000
0.00000000
0.00000000
0.00000000
0.00000000
0.00000000
0.00000000
0.00000000
0.00000000
0.01645700
0.06447900
0.18030000
0.31914700
0.45215100
0.55121500
0.45158800
0.45877500
0.14545300
0.12086900
0.14162800
0.25546200
0.14170200
0.03041600
0.00345300
0.00000000
0.00000000
0.00000000
0.00000000
0.00000000
0.00000000
0.00000000
0.00000000
0.00000000
0.02663200
0.06096500
0.18728500
0.35390400
0.49177100
0.57820900
0.58817600
0.64322400
0.63859600
0.57821500
0.37057500
0.31396400
0.13468500
0.02794600
0.00277400
0.00000000
0.00000000
0.00000000
0.00000000
0.00000000
0.00000000
0.00000000
0.00000000
0.00000000
0.00000000
0.05988000
0.19294500
0.35366000
0.50160900
0.59965700
0.54407000
0.38480300
0.31635600
0.37786100
0.13142100
0.07882800
0.04231000
0.02002800
0.00052800
0.00000000
0.00000000
0.00000000
0.00000000
0.00000000
0.00000000
0.00000000
0.00000000
0.00000000
0.00000000
0.07242500
0.14927200
0.23545600
0.45264500
0.60644100
0.66214800
0.69661300
0.65524100
0.36846600
0.36230700
0.26178200
0.13282400
0.03406700
0.00202800
0.00000000
0.00000000
0.00000000
0.00000000
0.00000000
0.00000000
0.00000000
0.00000000
0.00000000
0.00000000
0.04366600
0.14118400
0.15738000
0.40100400
0.32383300
0.24346600
0.45983700
0.11558000
0.10513300
0.14898100
0.30345000
0.10594100
0.04454400
0.00194800
0.00000000
0.00000000
0.00000000
0.00000000
0.00000000
0.00000000
0.00000000
0.00000000
0.00000000
0.00000000
0.05823700
0.15070600
0.27888400
0.40652200
0.45646700
0.50009500
0.43159800
0.59212900
0.25397400
0.25509500
0.11655200
0.08064700
0.04337800
0.00072800
0.00000000
0.00000000
0.00000000
0.00000000
0.00000000
0.00000000
0.00000000
0.00000000
0.00000000
0.00000000
0.05467700
0.15242700
0.37348100
0.52500200
0.61816400
0.68244600
0.71020400
0.67254200
0.56985500
0.45617500
0.28747600
0.13562200
0.03748700
0.00077500
0.00000000
0.00000000
0.00000000
0.00000000
0.00000000
0.00000000
0.00000000
0.00000000
0.00000000
0.00000000
0.06972100
0.19511500
0.22626100
0.49069300
0.21998300
0.17552100
0.29071400
0.24935400
0.44180800
0.14051800
0.19725200
0.14502200
0.04355200
0.00024800
0.00000000
0.00000000
0.00000000
0.00000000
0.00000000
0.00000000
0.00000000
0.00000000
0.00000000
0.00000000
0.07008800
0.14976300
0.34057800
0.49533000
0.60393600
0.62333000
0.66082900
0.31402300
0.50478800
0.33200200
0.29935200
0.13179900
0.04045000
0.00126600
0.00000000
0.00000000
0.00000000
0.00000000
0.00000000
0.00000000
0.00000000
0.00000000
0.00000000
0.00000000
0.05282900
0.18097500
0.34538000
0.48402300
0.51145100
0.51109000
0.65043600
0.55866900
0.43527100
0.46089700
0.29456400
0.13420600
0.03558300
0.00000000
0.00000000
0.00000000
0.00000000
0.00000000
0.00000000
0.00000000
0.00000000
0.00000000
0.00000000
0.00000000
0.05548800
0.19087100
0.36597200
0.51743200
0.61676600
0.62208300
0.72724900
0.68960200
0.55283200
0.25035700
0.09486900
0.04921200
0.04130900
0.00000000
0.00000000
0.00000000
0.00000000
0.00000000
0.00000000
0.00000000
0.00000000
0.00000000
0.00000000
0.00000000
0.05519000
0.18263600
0.36242800
0.50884000
0.62050900
0.67633100
0.70634900
0.65000400
0.58408700
0.46792200
0.31449000
0.13206300
0.02948800
0.00000000
0.00000000
0.00000000
0.00000000
0.00000000
0.00000000
0.00000000
0.00000000
0.00000000
0.00000000
0.00000000
0.06693200
0.18332700
0.36094600
0.52278700
0.64271600
0.70917900
0.71728400
0.68630500
0.60529500
0.47693400
0.31584000
0.13150600
0.02978100
0.00000000
0.00000000
0.00000000
0.00000000
0.00000000
0.00000000
0.00000000
0.00000000
0.00000000
0.00000000
0.00000000
0.03540000
0.06835800
0.08368400
0.18126200
0.14089900
0.17389200
0.21684800
0.14277800
0.13029600
0.13200100
0.20617600
0.13643300
0.02952600
0.00000000
0.00000000
0.00000000
0.00000000
0.00000000
0.00000000
0.00000000
0.00000000
0.00000000
0.00000000
0.00000000
0.05285500
0.18706000
0.31180200
0.48987100
0.55181200
0.63484300
0.71644800
0.67586800
0.60352100
0.47303900
0.31525200
0.13470000
0.03111200
0.00000000
0.00000000
0.00000000
0.00000000
0.00000000
0.00000000
0.00000000
0.00000000
0.00000000
0.00000000
0.00000000
0.06619000
0.13095500
0.34194200
0.50051600
0.56741700
0.68860500
0.70444200
0.67492400
0.58307100
0.45842200
0.30636400
0.13429100
0.02724300
0.00000000
0.00000000
0.00000000
0.00000000
0.00000000
0.00000000
0.00000000
0.00000000
0.00000000
0.00000000
0.00000000
0.05652800
0.18460000
0.34813400
0.50623800
0.58976000
0.67335200
0.68672400
0.65996500
0.57537100
0.47347200
0.29957100
0.13179600
0.02510700
0.00000000
0.00000000
0.00000000
0.00000000
0.00000000
0.00000000
0.00000000
0.00000000
0.00000000
0.00000000
0.00000000
0.06859900
0.07913200
0.28772800
0.51204300
0.62036200
0.67215700
0.63198100
0.27660500
0.46037500
0.06538100
0.29493000
0.11721600
0.02998000
0.00000000
0.00000000
0.00000000
0.00000000
0.00000000
0.00000000
0.00000000
0.00000000
0.00000000
0.00000000
0.00000000
0.03702000
0.06011700
0.09399500
0.09510000
0.13125900
0.10014800
0.11193600
0.14092900
0.12570100
0.06895200
0.05079200
0.02823900
0.03502900
0.00000000
0.00000000
0.00000000
0.00000000
0.00000000
0.00000000
0.00000000
0.00000000
0.00000000
0.00000000
0.00000000
0.05503900
0.19130500
0.29028900
0.41244700
0.65549100
0.70018600
0.65382700
0.13814400
0.08389800
0.44748700
0.19050900
0.11444600
0.03712900
0.00000000
0.00000000
0.00000000
0.00000000
0.00000000
0.00000000
0.00000000
0.00000000
0.00000000
0.00000000
0.00000000
0.05436000
0.12956100
0.19578800
0.27890900
0.63047700
0.65739500
0.48268100
0.61225100
0.50265100
0.29915100
0.24227300
0.11756000
0.03035700
0.00000000
0.00000000
0.00000000
0.00000000
0.00000000
0.00000000
0.00000000
0.00000000
0.00000000
0.00000000
0.00000000
0.05518500
0.11566100
0.11048100
0.19637400
0.18715000
0.26406400
0.19419600
0.18371600
0.31133100
0.08476200
0.11726000
0.07144900
0.01885900
0.00000000
0.00000000
0.00000000
0.00000000
0.00000000
0.00000000
0.00000000
0.00000000
0.00000000
0.00000000
0.00000000
0.05309900
0.18610600
0.34526500
0.10925400
0.63049600
0.62882600
0.72837400
0.62280500
0.19490900
0.39211800
0.22849900
0.10552200
0.03410100
0.00000000
0.00000000
0.00000000
0.00000000
0.00000000
0.00000000
0.00000000
0.00000000
0.00000000
0.00000000
0.00000000
0.05888600
0.17606800
0.37529200
0.52751700
0.61935800
0.67391600
0.64657100
0.61707300
0.43237900
0.26765700
0.19217300
0.12242900
0.02716900
0.00000000
0.00000000
0.00000000
0.00000000
0.00000000
0.00000000
0.00000000
0.00000000
0.00000000
0.00000000
0.00000000
0.05812000
0.18745600
0.32048800
0.30171700
0.47280700
0.23122900
0.10340900
0.55759800
0.56814600
0.44916100
0.29901500
0.12871600
0.02192300
0.00000000
0.00000000
0.00000000
0.00000000
0.00000000
0.00000000
0.00000000
0.00000000
0.00000000
0.00000000
0.00000000
0.05731900
0.19221200
0.25314300
0.12125200
0.10384400
0.12524500
0.17665400
0.12488500
0.56857200
0.39466900
0.28926700
0.13207500
0.02239800
0.00000000
0.00000000
0.00000000
0.00000000
0.00000000
0.00000000
0.00000000
0.00000000
0.00000000
0.00000000
0.00000000
0.05077300
0.11087500
0.19263500
0.16389700
0.33898500
0.36087500
0.32491000
0.32419000
0.40182000
0.26657500
0.13588600
0.06694900
0.01159000
0.00000000
0.00000000
0.00000000
0.00000000
0.00000000
0.00000000
0.00000000
0.00000000
0.00000000
0.00000000
0.00000000
0.05518200
0.04642100
0.15674700
0.06811000
0.08589700
0.09356000
0.09665400
0.13963900
0.11406500
0.08989900
0.04665200
0.06002100
0.02244400
0.00000000
0.00000000
0.00000000
0.00000000
0.00000000
0.00000000
0.00000000
0.00000000
0.00000000
0.00000000
0.00000000
0.04634200
0.13944200
0.22940200
0.48420200
0.59462500
0.64389400
0.19937400
0.52436900
0.54630500
0.21772900
0.07965800
0.08023700
0.02432600
0.00000000
0.00000000
0.00000000
0.00000000
0.00000000
0.00000000
0.00000000
0.00000000
0.00000000
0.00000000
0.00000000
0.04636200
0.12497000
0.19432300
0.27373100
0.50501000
0.38593500
0.18340000
0.51294100
0.52107000
0.41209700
0.29231300
0.12784100
0.02229900
0.00000000
0.00000000
0.00000000
0.00000000
0.00000000
0.00000000
0.00000000
0.00000000
0.00000000
0.00000000
0.00000000
0.05395800
0.18477900
0.34554900
0.51318000
0.62616700
0.66280500
0.73376800
0.69656800
0.60363400
0.47352400
0.30438800
0.04067500
0.00777900
0.00000000
0.00000000
0.00000000
0.00000000
0.00000000
0.00000000
0.00000000
0.00000000
0.00000000
0.00000000
0.00000000
0.02192800
0.17967000
0.30625700
0.50605300
0.63895200
0.65533600
0.56582900
0.68076900
0.58901800
0.46397400
0.28635400
0.12559200
0.02027000
0.00000000
0.00000000
0.00000000
0.00000000
0.00000000
0.00000000
0.00000000
0.00000000
0.00000000
0.00000000
0.00000000
0.00860000
0.14822500
0.34705400
0.40643000
0.62980500
0.73372300
0.72937900
0.70499800
0.58288200
0.44256300
0.20474500
0.10840000
0.01672800
0.00000000
0.00000000
0.00000000
0.00000000
0.00000000
0.00000000
0.00000000
0.00000000
0.00000000
0.00000000
0.00000000
0.01554800
0.03622300
0.06247500
0.08837400
0.08109500
0.15206300
0.12735300
0.08939200
0.08235200
0.20656600
0.29945300
0.12580600
0.01850700
0.00000000
0.00000000
0.00000000
0.00000000
0.00000000
0.00000000
0.00000000
0.00000000
0.00000000
0.00000000
0.00000000
0.05779800
0.08926000
0.14527000
0.24708600
0.10223400
0.35923600
0.16360800
0.15510600
0.14004200
0.22874500
0.09311200
0.03059900
0.00220900
0.00000000
0.00000000
0.00000000
0.00000000
0.00000000
0.00000000
0.00000000
0.00000000
0.00000000
0.00000000
0.00000000
0.05335800
0.14510900
0.11290400
0.38691600
0.43333600
0.68345800
0.72290300
0.69145400
0.61081000
0.47570500
0.30513800
0.12011400
0.01349800
0.00000000
0.00000000
0.00000000
0.00000000
0.00000000
0.00000000
0.00000000
0.00000000
0.00000000
0.00000000
0.00000000
0.05816800
0.19116800
0.37258200
0.53347300
0.63424100
0.72315700
0.54489500
0.68846200
0.60993000
0.46988000
0.30876400
0.12643000
0.01502800
0.00000000
0.00000000
0.00000000
0.00000000
0.00000000
0.00000000
0.00000000
0.00000000
0.00000000
0.00000000
0.00000000
0.00920000
0.08833700
0.24161700
0.25955200
0.22015300
0.40817800
0.19266500
0.20473900
0.29465500
0.35147600
0.18687700
0.06886900
0.01311000
0.00000000
0.00000000
0.00000000
0.00000000
0.00000000
0.00000000
0.00000000
0.00000000
0.00000000
0.00000000
0.00000000
0.04712000
0.19537700
0.37968600
0.54814000
0.65525000
0.71488300
0.72957400
0.68357200
0.58046200
0.47915900
0.29845700
0.10977800
0.01006500
0.00000000
0.00000000
0.00000000
0.00000000
0.00000000
0.00000000
0.00000000
0.00000000
0.00000000
0.00000000
0.00000000
0.05054200
0.13667200
0.32970600
0.51522100
0.42730100
0.25531600
0.66086100
0.63931700
0.37830400
0.12111900
0.13926200
0.06383200
0.01078900
0.00000000
0.00000000
0.00000000
0.00000000
0.00000000
0.00000000
0.00000000
0.00000000
0.00000000
0.00000000
0.00000000
0.03753900
0.13729300
0.32516100
0.20655800
0.23184300
0.20360600
0.17980100
0.17053800
0.15137800
0.09329900
0.06276600
0.02876100
0.00696200
0.00000000
0.00000000
0.00000000
0.00000000
0.00000000
0.00000000
0.00000000
0.00000000
0.00000000
0.00000000
0.00000000
0.04133900
0.19648300
0.22538700
0.45208100
0.40047700
0.19391100
0.22134600
0.12540600
0.19995900
0.19056700
0.06211000
0.08296300
0.00669300
0.00000000
0.00000000
0.00000000
0.00000000
0.00000000
0.00000000
0.00000000
0.00000000
0.00000000
0.00000000
0.00000000
0.04150400
0.08884000
0.19975000
0.25533200
0.41095500
0.24492100
0.10671300
0.08262500
0.11053800
0.07415100
0.20391200
0.10118600
0.00602800
0.00000000
0.00000000
0.00000000
0.00000000
0.00000000
0.00000000
0.00000000
0.00000000
0.00000000
0.00000000
0.00000000
0.02562200
0.10874900
0.10533100
0.19735500
0.31877800
0.39250400
0.14256100
0.31743800
0.11686000
0.16131100
0.12673400
0.05580100
0.00573700
0.00000000
0.00000000
0.00000000
0.00000000
0.00000000
0.00000000
0.00000000
0.00000000
0.00000000
0.00000000
0.00000000
0.04348100
0.06518700
0.10282300
0.08397800
0.07663300
0.09318900
0.09171400
0.11966300
0.18310500
0.15629100
0.16631500
0.02878900
0.00000000
0.00000000
0.00000000
0.00000000
0.00000000
0.00000000
0.00000000
0.00000000
0.00000000
0.00000000
0.00000000
0.00000000
0.04405000
0.19200700
0.36370700
0.51551300
0.63173700
0.68124800
0.51078700
0.39365100
0.57486400
0.41459100
0.28112800
0.09795600
0.00345800
0.00000000
0.00000000
0.00000000
0.00000000
0.00000000
0.00000000
0.00000000
0.00000000
0.00000000
0.00000000
0.00000000
0.02905800
0.19122600
0.37722800
0.54067000
0.64915600
0.71840100
0.73283200
0.65136300
0.59296400
0.46296100
0.29263400
0.09495600
0.00561500
0.00000000
0.00000000
0.00000000
0.00000000
0.00000000
0.00000000
0.00000000
0.00000000
0.00000000
0.00000000
0.00000000
0.03366700
0.16836900
0.34964100
0.51941500
0.59276800
0.63485700
0.65643300
0.63458000
0.54780700
0.42535600
0.25767800
0.08639100
0.00713000
0.00000000
0.00000000
0.00000000
0.00000000
0.00000000
0.00000000
0.00000000
0.00000000
0.00000000
0.00000000
0.00000000
0.03496800
0.18832400
0.36043700
0.55439800
0.64265000
0.50231900
0.59500800
0.61161000
0.49711700
0.41107700
0.14017500
0.03361300
0.00634000
0.00000000
0.00000000
0.00000000
0.00000000
0.00000000
0.00000000
0.00000000
0.00000000
0.00000000
0.00000000
0.00000000
0.01980900
0.04764400
0.11097200
0.15424000
0.14743100
0.20595800
0.20920300
0.40298900
0.35205300
0.30116000
0.23063200
0.04710700
0.00364900
0.00000000
0.00000000
0.00000000
0.00000000
0.00000000
0.00000000
0.00000000
0.00000000
0.00000000
0.00000000
0.00000000
0.01874200
0.04676400
0.08669100
0.12139600
0.14699500
0.16083300
0.16375900
0.15522100
0.13567100
0.10368900
0.06498300
0.03354200
0.00275900
0.00000000
0.00000000
0.00000000
0.00000000
0.00000000
0.00000000
0.00000000
0.00000000
0.00000000
0.00000000
0.00000000
0.02484700
0.07415400
0.10225100
0.11427100
0.14093600
0.15633700
0.15943000
0.19042700
0.12833200
0.09610700
0.07441300
0.02659600
0.00196100
0.00000000
0.00000000
0.00000000
0.00000000
0.00000000
0.00000000
0.00000000
0.00000000
0.00000000
0.00000000
0.00000000
0.01438200
0.03747800
0.06448800
0.11612500
0.11926900
0.16079200
0.13520100
0.12540000
0.10690500
0.07921600
0.05690600
0.02578200
0.00000000
0.00000000
0.00000000
0.00000000
0.00000000
0.00000000
0.00000000
0.00000000
0.00000000
0.00000000
0.00000000
0.00000000
0.02647700
0.14214200
0.31078800
0.29018100
0.48033400
0.58647300
0.67605100
0.59260000
0.50072900
0.31654700
0.23681500
0.06111300
0.00165100
0.00000000
0.00000000
0.00000000
0.00000000
0.00000000
0.00000000
0.00000000
0.00000000
0.00000000
0.00000000
0.00000000
0.02615500
0.17276600
0.25781100
0.38404300
0.50054800
0.48584000
0.59074100
0.59655100
0.48129100
0.30120300
0.21563500
0.06202700
0.00158100
0.00000000
0.00000000
0.00000000
0.00000000
0.00000000
0.00000000
0.00000000
0.00000000
0.00000000
0.00000000
0.00000000
0.02120100
0.11338800
0.07554300
0.36190400
0.49038300
0.45502800
0.47036000
0.64061700
0.58617100
0.44481600
0.26285500
0.07112500
0.00000000
0.00000000
0.00000000
0.00000000
0.00000000
0.00000000
0.00000000
0.00000000
0.00000000
0.00000000
0.00000000
0.00000000
0.02305800
0.10068800
0.11083100
0.27112200
0.14744400
0.35992500
0.71991100
0.53586000
0.49919500
0.36025800
0.27126500
0.07002100
0.00000000
0.00000000
0.00000000
0.00000000
0.00000000
0.00000000
0.00000000
0.00000000
0.00000000
0.00000000
0.00000000
0.00000000
0.01098300
0.04088000
0.09244000
0.12742800
0.44774000
0.22692000
0.16847100
0.15977800
0.32510800
0.38200400
0.24408000
0.05606900
0.00000000
0.00000000
0.00000000
0.00000000
0.00000000
0.00000000
0.00000000
0.00000000
0.00000000
0.00000000
0.00000000
0.00000000
0.01426800
0.04928100
0.07782000
0.11604000
0.14372400
0.15720600
0.13403200
0.12473700
0.10487700
0.07629300
0.05298800
0.01939100
0.00000000
0.00000000
0.00000000
0.00000000
0.00000000
0.00000000
0.00000000
0.00000000
0.00000000
0.00000000
0.00000000
0.00000000
0.00912300
0.04848000
0.09050900
0.12706300
0.10456500
0.13955600
0.16989300
0.15969100
0.13722100
0.10368300
0.06318200
0.02846400
0.00000000
0.00000000
0.00000000
0.00000000
0.00000000
0.00000000
0.00000000
0.00000000
0.00000000
0.00000000
0.00000000
0.00000000
0.01434500
0.14704100
0.17166800
0.23639100
0.45159500
0.32181900
0.48987200
0.39627500
0.13077000
0.09827800
0.07378400
0.05916100
0.00000000
0.00000000
0.00000000
0.00000000
0.00000000
0.00000000
0.00000000
0.00000000
0.00000000
0.00000000
0.00000000
0.00000000
0.02673300
0.11175200
0.28028200
0.46326200
0.50406000
0.57020600
0.60709200
0.63534900
0.44394400
0.22836100
0.16920400
0.04341500
0.00000000
0.00000000
0.00000000
0.00000000
0.00000000
0.00000000
0.00000000
0.00000000
0.00000000
0.00000000
0.00000000
0.00000000
0.00595200
0.04163700
0.06792400
0.09812500
0.12120300
0.13473400
0.13548700
0.12624900
0.10662400
0.09548000
0.05497600
0.01630900
0.00000000
0.00000000
0.00000000
0.00000000
0.00000000
0.00000000
0.00000000
0.00000000
0.00000000
0.00000000
0.00000000
0.00000000
0.00901300
0.03781300
0.07780900
0.11391800
0.14098400
0.15488000
0.15663800
0.32454200
0.46446500
0.38042300
0.18806400
0.05768300
0.00000000
0.00000000
0.00000000
0.00000000
0.00000000
0.00000000
0.00000000
0.00000000
0.00000000
0.00000000
0.00000000
0.00000000
0.02792500
0.19682800
0.40162900
0.56753900
0.67507600
0.68066900
0.73062500
0.69307400
0.56906100
0.41988800
0.23197000
0.06876900
0.00000000
0.00000000
0.00000000
0.00000000
0.00000000
0.00000000
0.00000000
0.00000000
0.00000000
0.00000000
0.00000000
0.00000000
0.01015700
0.19339300
0.30841600
0.55871900
0.68349400
0.66028600
0.68456000
0.67310100
0.58679500
0.36559700
0.13103000
0.04258500
0.00000000
0.00000000
0.00000000
0.00000000
0.00000000
0.00000000
0.00000000
0.00000000
0.00000000
0.00000000
0.00000000
0.00000000
0.00948400
0.05493800
0.10560800
0.14961800
0.17986500
0.15449200
0.15489900
0.14415800
0.12148000
0.11355900
0.06533600
0.01818400
0.00000000
0.00000000
0.00000000
0.00000000
0.00000000
0.00000000
0.00000000
0.00000000
0.00000000
0.00000000
0.00000000
0.00000000
0.00971200
0.08973700
0.19665300
0.14453500
0.32904300
0.47087500
0.47823100
0.44085100
0.36100400
0.29641300
0.08670600
0.04545400
0.00000000
0.00000000
0.00000000
0.00000000
0.00000000
0.00000000
0.00000000
0.00000000
0.00000000
0.00000000
0.00000000
0.00000000
0.02591200
0.19909000
0.40263000
0.57545400
0.64680600
0.75451900
0.61539600
0.70474700
0.55631400
0.39225300
0.18961600
0.03016900
0.00000000
0.00000000
0.00000000
0.00000000
0.00000000
0.00000000
0.00000000
0.00000000
0.00000000
0.00000000
0.00000000
0.00000000
0.02255200
0.07729300
0.11951000
0.36314500
0.38567300
0.47584400
0.40218100
0.34247000
0.39520600
0.18091200
0.18152400
0.03751000
0.00000000
0.00000000
0.00000000
0.00000000
0.00000000
0.00000000
0.00000000
0.00000000
0.00000000
0.00000000
0.00000000
0.00000000
0.01054500
0.13578600
0.16335500
0.41563500
0.52623300
0.67272900
0.39897600
0.53414700
0.46554300
0.28993800
0.13560000
0.03226100
0.00000000
0.00000000
0.00000000
0.00000000
0.00000000
0.00000000
0.00000000
0.00000000
0.00000000
0.00000000
0.00000000
0.00000000
0.00555400
0.05308100
0.10585400
0.30816600
0.34706700
0.19952800
0.20021400
0.18638100
0.15668700
0.11417000
0.06304800
0.01329200
0.00000000
0.00000000
0.00000000
0.00000000
0.00000000
0.00000000
0.00000000
0.00000000
0.00000000
0.00000000
0.00000000
0.00000000
0.00508900
0.03894600
0.06757100
0.10289100
0.13170700
0.14662900
0.14820000
0.13628800
0.11069900
0.07628400
0.03696200
0.01084200
0.00000000
0.00000000
0.00000000
0.00000000
0.00000000
0.00000000
0.00000000
0.00000000
0.00000000
0.00000000
0.00000000
0.00000000
0.00923200
0.09228000
0.23351000
0.28518000
0.31356500
0.49706700
0.29528200
0.38160800
0.33261000
0.15511600
0.08742200
0.02778400
0.00000000
0.00000000
0.00000000
0.00000000
0.00000000
0.00000000
0.00000000
0.00000000
0.00000000
0.00000000
0.00000000
0.00000000
0.01393800
0.20099300
0.21797100
0.37214800
0.31055400
0.39724700
0.39490000
0.21448500
0.12139000
0.08746400
0.11801100
0.03564900
0.00000000
0.00000000
0.00000000
0.00000000
0.00000000
0.00000000
0.00000000
0.00000000
0.00000000
0.00000000
0.00000000
0.00000000
0.01923500
0.19694300
0.37089700
0.56212000
0.67482900
0.72403100
0.71441100
0.42842100
0.42884000
0.14648000
0.04071000
0.00901800
0.00000000
0.00000000
0.00000000
0.00000000
0.00000000
0.00000000
0.00000000
0.00000000
0.00000000
0.00000000
0.00000000
0.00000000
0.00000000
0.19675500
0.37084400
0.55085800
0.65422400
0.70695700
0.71388600
0.65026100
0.55799100
0.37554800
0.09576300
0.01416300
0.00000000
0.00000000
0.00000000
0.00000000
0.00000000
0.00000000
0.00000000
0.00000000
0.00000000
0.00000000
0.00000000
0.00000000
0.01242900
0.18797200
0.39916300
0.53345500
0.63417600
0.72295600
0.76710000
0.65908500
0.59056700
0.38027500
0.19457800
0.02969700
0.00000000
0.00000000
0.00000000
0.00000000
0.00000000
0.00000000
0.00000000
0.00000000
0.00000000
0.00000000
0.00000000
0.00000000
0.01137500
0.19161500
0.36846200
0.55586900
0.67196600
0.72657400
0.72823600
0.68130300
0.57072900
0.39270500
0.12410000
0.01267100
0.00000000
0.00000000
0.00000000
0.00000000
0.00000000
0.00000000
0.00000000
0.00000000
0.00000000
0.00000000
0.00000000
0.00000000
0.00302400
0.11261600
0.23836800
0.44574900
0.60229100
0.64729700
0.69473700
0.62305400
0.14220700
0.09641600
0.04032000
0.00002900
0.00000000
0.00000000
0.00000000
0.00000000
0.00000000
0.00000000
0.00000000
0.00000000
0.00000000
0.00000000
0.00000000
0.00000000
0.00000000
0.01449400
0.04234300
0.05357800
0.06566600
0.07353200
0.07587900
0.06960700
0.07667500
0.05154600
0.02660800
0.00321400
0.00000000
0.00000000
0.00000000
0.00000000
0.00000000
0.00000000
0.00000000
0.00000000
0.00000000
0.00000000
0.00000000
0.00000000
0.00000000
0.04375700
0.07828600
0.59810300
0.71071700
0.38272700
0.11598600
0.26946600
0.22021700
0.37320300
0.16128600
0.01546100
0.00000000
0.00000000
0.00000000
0.00000000
0.00000000
0.00000000
0.00000000
0.00000000
0.00000000
0.00000000
0.00000000
0.00000000
0.00670300
0.18580200
0.39474500
0.58898700
0.44558100
0.74083700
0.73293100
0.09933900
0.10158500
0.25217100
0.18092600
0.02171200
0.00000000
0.00000000
0.00000000
0.00000000
0.00000000
0.00000000
0.00000000
0.00000000
0.00000000
0.00000000
0.00000000
0.00000000
0.00457200
0.15841400
0.40844700
0.57345700
0.68394500
0.72696600
0.69849900
0.67401000
0.54931900
0.40251300
0.19967400
0.02194300
0.00000000
0.00000000
0.00000000
0.00000000
0.00000000
0.00000000
0.00000000
0.00000000
0.00000000
0.00000000
0.00000000
0.00000000
0.00000000
0.07240500
0.36131900
0.26858900
0.32870300
0.65844800
0.26668800
0.16097800
0.12056400
0.13124000
0.12890400
0.00000000
0.00000000
0.00000000
0.00000000
0.00000000
0.00000000
0.00000000
0.00000000
0.00000000
0.00000000
0.00000000
0.00000000
0.00000000
0.00000000
0.11245700
0.35337300
0.52750900
0.63747500
0.61016300
0.55577500
0.37791300
0.37420100
0.31705100
0.17093500
0.01175400
0.00000000
0.00000000
0.00000000
0.00000000
0.00000000
0.00000000
0.00000000
0.00000000
0.00000000
0.00000000
0.00000000
0.00000000
0.00000000
0.08123500
0.19930000
0.07259000
0.08877800
0.17528000
0.17421300
0.08578900
0.06936100
0.03364600
0.06340600
0.00000000
0.00000000
0.00000000
0.00000000
0.00000000
0.00000000
0.00000000
0.00000000
0.00000000
0.00000000
0.00000000
0.00000000
0.00000000
0.00000000
0.03050700
0.04237900
0.06772100
0.08376200
0.10948500
0.11136300
0.09406600
0.07362900
0.03751000
0.03159000
0.00000000
0.00000000
0.00000000
0.00000000
0.00000000
0.00000000
0.00000000
0.00000000
0.00000000
0.00000000
0.00000000
0.00000000
0.00000000
0.00000000
0.02260700
0.06345300
0.17276400
0.52573800
0.30258400
0.66531700
0.61144500
0.10181600
0.34658000
0.16345400
0.00219400
0.00000000
0.00000000
0.00000000
0.00000000
0.00000000
0.00000000
0.00000000
0.00000000
0.00000000
0.00000000
0.00000000
0.00000000
0.00000000
0.01578100
0.04107600
0.08751800
0.07731900
0.08370400
0.08689400
0.07065500
0.05583600
0.03638600
0.01095800
0.00000000
0.00000000
0.00000000
0.00000000
0.00000000
0.00000000
0.00000000
0.00000000
0.00000000
0.00000000
0.00000000
0.00000000
0.00000000
0.00000000
0.16370300
0.11025800
0.34320400
0.54743600
0.28589500
0.57370000
0.11506900
0.53921500
0.40018200
0.17125200
0.00000000
0.00000000
0.00000000
0.00000000
0.00000000
0.00000000
0.00000000
0.00000000
0.00000000
0.00000000
0.00000000
0.00000000
0.00000000
0.00000000
0.08823500
0.19791800
0.11910200
0.07994300
0.08584200
0.09079000
0.06029800
0.04951700
0.03050400
0.05584100
0.00000000
0.00000000
0.00000000
0.00000000
0.00000000
0.00000000
0.00000000
0.00000000
0.00000000
0.00000000
0.00000000
0.00000000
0.00000000
0.00000000
0.05652400
0.11552400
0.06042600
0.16332700
0.19327100
0.14752900
0.24732000
0.23881700
0.03092800
0.03625000
0.00000000
0.00000000
0.00000000
0.00000000
0.00000000
0.00000000
0.00000000
0.00000000
0.00000000
0.00000000
0.00000000
0.00000000
0.00000000
0.00000000
0.15875700
0.37348500
0.55158900
0.67961500
0.78164200
0.76913900
0.70110500
0.56256700
0.18985700
0.15175900
0.00000000
0.00000000
0.00000000
0.00000000
0.00000000
0.00000000
0.00000000
0.00000000
0.00000000
0.00000000
0.00000000
0.00000000
0.00000000
0.00000000
0.11738900
0.28307100
0.34365000
0.58807700
0.65558400
0.30864600
0.30544000
0.45800700
0.08265500
0.02988400
0.00000000
0.00000000
0.00000000
0.00000000
0.00000000
0.00000000
0.00000000
0.00000000
0.00000000
0.00000000
0.00000000
0.00000000
0.00000000
0.00000000
0.09668400
0.34796400
0.46435000
0.63035700
0.70316900
0.69901900
0.63715500
0.52795900
0.34304900
0.08522200
0.00000000
0.00000000
0.00000000
0.00000000
0.00000000
0.00000000
0.00000000
0.00000000
0.00000000
0.00000000
0.00000000
0.00000000
0.00000000
0.00000000
0.05277900
0.07594500
0.10344900
0.33549700
0.14424700
0.30046400
0.23826600
0.04355100
0.02543700
0.01281900
0.00000000
0.00000000
0.00000000
0.00000000
0.00000000
0.00000000
0.00000000
0.00000000
0.00000000
0.00000000
0.00000000
0.00000000
0.00000000
0.00000000
0.01176700
0.06434300
0.32753100
0.60473100
0.66458100
0.67252500
0.55437500
0.45716300
0.33223800
0.11273400
0.00000000
0.00000000
0.00000000
0.00000000
0.00000000
0.00000000
0.00000000
0.00000000
0.00000000
0.00000000
0.00000000
0.00000000
0.00000000
0.00000000
0.01945800
0.03218700
0.05219800
0.33813700
0.49935200
0.06894300
0.05392400
0.14932100
0.07020100
0.04002400
0.00000000
0.00000000
0.00000000
0.00000000
0.00000000
0.00000000
0.00000000
0.00000000
0.00000000
0.00000000
0.00000000
0.00000000
0.00000000
0.00000000
0.04410900
0.03221200
0.04856000
0.05934000
0.16772900
0.44046500
0.50427700
0.49653200
0.34497100
0.13988100
0.00000000
0.00000000
0.00000000
0.00000000
0.00000000
0.00000000
0.00000000
0.00000000
0.00000000
0.00000000
0.00000000
0.00000000
0.00000000
0.00000000
0.00386800
0.05180100
0.04492200
0.05739700
0.06545900
0.06306200
0.05689900
0.04153900
0.16914000
0.01252200
0.00000000
0.00000000
0.00000000
0.00000000
0.00000000
0.00000000
0.00000000
0.00000000
0.00000000
0.00000000
0.00000000
0.00000000
0.00000000
0.00000000
0.03627300
0.12148000
0.34341700
0.38734200
0.11793400
0.11936000
0.16877900
0.19354500
0.06497600
0.02985900
0.00000000
0.00000000
0.00000000
0.00000000
0.00000000
0.00000000
0.00000000
0.00000000
0.00000000
0.00000000
0.00000000
0.00000000
0.00000000
0.00000000
0.09560800
0.09269900
0.11097700
0.27166300
0.08144100
0.32361300
0.15342100
0.48118200
0.34423900
0.13787900
0.00000000
0.00000000
0.00000000
0.00000000
0.00000000
0.00000000
0.00000000
0.00000000
0.00000000
0.00000000
0.00000000
0.00000000
0.00000000
0.00000000
0.07184700
0.08417600
0.08651400
0.14489300
0.08622100
0.31489700
0.28112200
0.34894000
0.13533500
0.08196200
0.00000000
0.00000000
0.00000000
0.00000000
0.00000000
0.00000000
0.00000000
0.00000000
0.00000000
0.00000000
0.00000000
0.00000000
0.00000000
0.00000000
0.08194700
0.26848400
0.40598500
0.50096400
0.54570500
0.67911600
0.53017900
0.07144500
0.06338500
0.01369400
0.00000000
0.00000000
0.00000000
0.00000000
0.00000000
0.00000000
0.00000000
0.00000000
0.00000000
0.00000000
0.00000000
0.00000000
0.00000000
0.00000000
0.03048100
0.32194400
0.49020400
0.59067400
0.66849200
0.67813200
0.61342100
0.51260900
0.35436800
0.11883300
0.00000000
0.00000000
0.00000000
0.00000000
0.00000000
0.00000000
0.00000000
0.00000000
0.00000000
0.00000000
0.00000000
0.00000000
0.00000000
0.00000000
0.01674000
0.02918500
0.04041100
0.05256700
0.08459600
0.53320600
0.47302800
0.07133200
0.03265900
0.03802700
0.00000000
0.00000000
0.00000000
0.00000000
0.00000000
0.00000000
0.00000000
0.00000000
0.00000000
0.00000000
0.00000000
0.00000000
0.00000000
0.00000000
0.11322400
0.16929400
0.43350000
0.55083400
0.48010900
0.39616300
0.46968700
0.51962700
0.29499000
0.05103600
0.00000000
0.00000000
0.00000000
0.00000000
0.00000000
0.00000000
0.00000000
0.00000000
0.00000000
0.00000000
0.00000000
0.00000000
0.00000000
0.00000000
0.07495800
0.06092400
0.05984600
0.08105300
0.13095800
0.13234800
0.10779600
0.06595400
0.04382800
0.00450500
0.00000000
0.00000000
0.00000000
0.00000000
0.00000000
0.00000000
0.00000000
0.00000000
0.00000000
0.00000000
0.00000000
0.00000000
0.00000000
0.00000000
0.04348900
0.23870600
0.46507600
0.39762600
0.07908400
0.67094200
0.66475100
0.54430300
0.34475300
0.11623800
0.00000000
0.00000000
0.00000000
0.00000000
0.00000000
0.00000000
0.00000000
0.00000000
0.00000000
0.00000000
0.00000000
0.00000000
0.00000000
0.00000000
0.00720700
0.21291400
0.49703100
0.55539700
0.59507400
0.66232400
0.59993900
0.50954500
0.30098900
0.08901900
0.00000000
0.00000000
0.00000000
0.00000000
0.00000000
0.00000000
0.00000000
0.00000000
0.00000000
0.00000000
0.00000000
0.00000000
0.00000000
0.00000000
0.00811400
0.21977600
0.51370200
0.56122700
0.73763500
0.63372800
0.50803600
0.07841600
0.04137000
0.06285600
0.00000000
0.00000000
0.00000000
0.00000000
0.00000000
0.00000000
0.00000000
0.00000000
0.00000000
0.00000000
0.00000000
0.00000000
0.00000000
0.00000000
0.00911300
0.24286700
0.46100100
0.55741400
0.68690000
0.69644700
0.65251600
0.52153600
0.29862800
0.08362100
0.00000000
0.00000000
0.00000000
0.00000000
0.00000000
0.00000000
0.00000000
0.00000000
0.00000000
0.00000000
0.00000000
0.00000000
0.00000000
0.00000000
0.03388900
0.05918200
0.08129300
0.14734900
0.29235700
0.51326700
0.57758000
0.23229700
0.14022400
0.06328300
0.00000000
0.00000000
0.00000000
0.00000000
0.00000000
0.00000000
0.00000000
0.00000000
0.00000000
0.00000000
0.00000000
0.00000000
0.00000000
0.00000000
0.01062500
0.20891300
0.48957000
0.64878100
0.67596300
0.59475100
0.09209400
0.04242500
0.03014700
0.00160200
0.00000000
0.00000000
0.00000000
0.00000000
0.00000000
0.00000000
0.00000000
0.00000000
0.00000000
0.00000000
0.00000000
0.00000000
0.00000000
0.00000000
0.01351800
0.08653200
0.36109300
0.45533200
0.42852700
0.30309000
0.57934900
0.29541400
0.10430500
0.00853700
0.00000000
0.00000000
0.00000000
0.00000000
0.00000000
0.00000000
0.00000000
0.00000000
0.00000000
0.00000000
0.00000000
0.00000000
0.00000000
0.00000000
0.01557500
0.01923200
0.03582300
0.06872300
0.24798400
0.26175400
0.24992300
0.29581400
0.22743600
0.03375300
0.00000000
0.00000000
0.00000000
0.00000000
0.00000000
0.00000000
0.00000000
0.00000000
0.00000000
0.00000000
0.00000000
0.00000000
0.00000000
0.00000000
0.02032900
0.04021000
0.10752900
0.17193000
0.25056200
0.56532800
0.63569000
0.35479000
0.30253300
0.08327600
0.00000000
0.00000000
0.00000000
0.00000000
0.00000000
0.00000000
0.00000000
0.00000000
0.00000000
0.00000000
0.00000000
0.00000000
0.00000000
0.00000000
0.02630300
0.04837900
0.43932600
0.51462200
0.64378700
0.66826700
0.58933000
0.16290000
0.09756700
0.06639000
0.00000000
0.00000000
0.00000000
0.00000000
0.00000000
0.00000000
0.00000000
0.00000000
0.00000000
0.00000000
0.00000000
0.00000000
0.00000000
0.00000000
0.03469400
0.23150800
0.46997900
0.64341100
0.68888700
0.67627300
0.57335000
0.52465700
0.29473200
0.04707700
0.00000000
0.00000000
0.00000000
0.00000000
0.00000000
0.00000000
0.00000000
0.00000000
0.00000000
0.00000000
0.00000000
0.00000000
0.00000000
0.00000000
0.00000000
0.05684400
0.08419500
0.04726800
0.23523700
0.60990600
0.41695500
0.03517200
0.01656300
0.00000000
0.00000000
0.00000000
0.00000000
0.00000000
0.00000000
0.00000000
0.00000000
0.00000000
0.00000000
0.00000000
0.00000000
0.00000000
0.00000000
0.00000000
0.00000000
0.04833100
0.03602900
0.04278800
0.05478600
0.31828800
0.30888500
0.20978100
0.02999900
0.01538200
0.00000000
0.00000000
0.00000000
0.00000000
0.00000000
0.00000000
0.00000000
0.00000000
0.00000000
0.00000000
0.00000000
0.00000000
0.00000000
0.00000000
0.00000000
0.28701200
0.44409100
0.61528200
0.59337700
0.67222700
0.59980900
0.33598300
0.23152100
0.06439600
0.00000000
0.00000000
0.00000000
0.00000000
0.00000000
0.00000000
0.00000000
0.00000000
0.00000000
0.00000000
0.00000000
0.00000000
0.00000000
0.00000000
0.00000000
0.31447400
0.53150900
0.63696100
0.68150400
0.67421000
0.61253800
0.50363100
0.31320100
0.07400300
0.00000000
0.00000000
0.00000000
0.00000000
0.00000000
0.00000000
0.00000000
0.00000000
0.00000000
0.00000000
0.00000000
0.00000000
0.00000000
0.00000000
0.00000000
0.14720700
0.41356500
0.52804100
0.54488600
0.50095600
0.49324000
0.39991800
0.12367000
0.03950300
0.00000000
0.00000000
0.00000000
0.00000000
0.00000000
0.00000000
0.00000000
0.00000000
0.00000000
0.00000000
0.00000000
0.00000000
0.00000000
0.00000000
0.03709200
0.21487800
0.45010400
0.47631500
0.19538900
0.23362900
0.22783100
0.10984400
0.04504700
0.00088000
0.00000000
0.00000000
0.00000000
0.00000000
0.00000000
0.00000000
0.00000000
0.00000000
0.00000000
0.00000000
0.00000000
0.00000000
0.00000000
0.00000000
0.03538100
0.22381300
0.23704500
0.23363300
0.26000300
0.14943500
0.23603400
0.14334200
0.21603800
0.02049200
0.00000000
0.00000000
0.00000000
0.00000000
0.00000000
0.00000000
0.00000000
0.00000000
0.00000000
0.00000000
0.00000000
0.00000000
0.00000000
0.00000000
0.02569400
0.18768400
0.27078600
0.30132400
0.31971400
0.35868900
0.32055400
0.07523900
0.07946000
0.00000000
0.00000000
0.00000000
0.00000000
0.00000000
0.00000000
0.00000000
0.00000000
0.00000000
0.00000000
0.00000000
0.00000000
0.00000000
0.00000000
0.00000000
0.03473100
0.25331300
0.36796400
0.48269000
0.65137600
0.63470300
0.53272700
0.40002700
0.15536300
0.03874300
0.00000000
0.00000000
0.00000000
0.00000000
0.00000000
0.00000000
0.00000000
0.00000000
0.00000000
0.00000000
0.00000000
0.00000000
0.00000000
0.00000000
0.03586800
0.26395200
0.46647100
0.62101200
0.67457500
0.67467600
0.61034900
0.45725400
0.29402300
0.04317900
0.00000000
0.00000000
0.00000000
0.00000000
0.00000000
0.00000000
0.00000000
0.00000000
0.00000000
0.00000000
0.00000000
0.00000000
0.00000000
0.00000000
0.03043400
0.24965100
0.42775300
0.59454600
0.62424500
0.64091500
0.57973500
0.37750100
0.12106000
0.03012900
0.00000000
0.00000000
0.00000000
0.00000000
0.00000000
0.00000000
0.00000000
0.00000000
0.00000000
0.00000000
0.00000000
0.00000000
0.00000000
0.00000000
0.00000000
0.04891600
0.08121000
0.04191100
0.04928900
0.09314100
0.10892800
0.03044300
0.01198200
0.00000000
0.00000000
0.00000000
0.00000000
0.00000000
0.00000000
0.00000000
0.00000000
0.00000000
0.00000000
0.00000000
0.00000000
0.00000000
0.00000000
0.00000000
0.00000000
0.05531300
0.04300300
0.07684000
0.07080200
0.10611000
0.12624100
0.16054300
0.12966700
0.00096300
0.00000000
0.00000000
0.00000000
0.00000000
0.00000000
0.00000000
0.00000000
0.00000000
0.00000000
0.00000000
0.00000000
0.00000000
0.00000000
0.00000000
0.00101700
0.09982200
0.24392300
0.29732500
0.06536200
0.12697700
0.13107000
0.03468800
0.01235400
0.00000000
0.00000000
0.00000000
0.00000000
0.00000000
0.00000000
0.00000000
0.00000000
0.00000000
0.00000000
0.00000000
0.00000000
0.00000000
0.00000000
0.00000000
0.00000000
0.00881600
0.03832700
0.06709100
0.08007700
0.07587200
0.06222300
0.04494000
0.01270200
0.00000000
0.00000000
0.00000000
0.00000000
0.00000000
0.00000000
0.00000000
0.00000000
0.00000000
0.00000000
0.00000000
0.00000000
0.00000000
0.00000000
0.00000000
0.00000000
0.00881000
0.02738300
0.06657400
0.05659800
0.04487000
0.06721700
0.03568400
0.02272800
0.00000000
0.00000000
0.00000000
0.00000000
0.00000000
0.00000000
0.00000000
0.00000000
0.00000000
0.00000000
0.00000000
0.00000000
0.00000000
0.00000000
0.00000000
0.00000000
0.04596200
0.08971500
0.05420200
0.07802200
0.05276000
0.04226000
0.05822800
0.08521000
0.00000000
0.00000000
0.00000000
0.00000000
0.00000000
0.00000000
0.00000000
0.00000000
0.00000000
0.00000000
0.00000000
0.00000000
0.00000000
0.00000000
0.00000000
0.01458800
0.24972800
0.40534200
0.50544300
0.67215000
0.69450000
0.58581000
0.48501600
0.31195900
0.05293800
0.00000000
0.00000000
0.00000000
0.00000000
0.00000000
0.00000000
0.00000000
0.00000000
0.00000000
0.00000000
0.00000000
0.00000000
0.00000000
0.00000000
0.00000000
0.07850500
0.05314900
0.04566100
0.06823900
0.04521300
0.03903100
0.03205900
0.24811600
0.00781500
0.00000000
0.00000000
0.00000000
0.00000000
0.00000000
0.00000000
0.00000000
0.00000000
0.00000000
0.00000000
0.00000000
0.00000000
0.00000000
0.00000000
0.00000000
0.12021700
0.04456300
0.08468900
0.05583900
0.09742200
0.09931900
0.03937100
0.05647900
0.00000000
0.00000000
0.00000000
0.00000000
0.00000000
0.00000000
0.00000000
0.00000000
0.00000000
0.00000000
0.00000000
0.00000000
0.00000000
0.00000000
0.00000000
0.00000000
0.02625000
0.03800500
0.04391100
0.12280400
0.19561400
0.04587500
0.05901500
0.02206100
0.00000000
0.00000000
0.00000000
0.00000000
0.00000000
0.00000000
0.00000000
0.00000000
0.00000000
0.00000000
0.00000000
0.00000000
0.00000000
0.00000000
0.00000000
0.00000000
0.00981600
0.27468000
0.48309600
0.12036800
0.06187300
0.28536000
0.02666100
0.03574900
0.00000000
0.00000000
0.00000000
0.00000000
0.00000000
0.00000000
0.00000000
0.00000000
0.00000000
0.00000000
0.00000000
0.00000000
0.00000000
0.00000000
0.00000000
0.00000000
0.04108000
0.02801200
0.08760800
0.08069200
0.05482600
0.03938600
0.03236000
0.03198000
0.00000000
0.00000000
0.00000000
0.00000000
0.00000000
0.00000000
0.00000000
0.00000000
0.00000000
0.00000000
0.00000000
0.00000000
0.00000000
0.00000000
0.00000000
0.00000000
0.02973800
0.03431500
0.06327000
0.07573300
0.07749900
0.19676000
0.10882000
0.10512300
0.00000000
0.00000000
0.00000000
0.00000000
0.00000000
0.00000000
0.00000000
0.00000000
0.00000000
0.00000000
0.00000000
0.00000000
0.00000000
0.00000000
0.00000000
0.00000000
0.20886000
0.44247100
0.59204200
0.67303900
0.67196800
0.59792800
0.47742500
0.29888400
0.03772500
0.00000000
0.00000000
0.00000000
0.00000000
0.00000000
0.00000000
0.00000000
0.00000000
0.00000000
0.00000000
0.00000000
0.00000000
0.00000000
0.00000000
0.00000000
0.24568000
0.38360200
0.60858000
0.67490700
0.66676300
0.61791400
0.48707000
0.29797000
0.03713100
0.00000000
0.00000000
0.00000000
0.00000000
0.00000000
0.00000000
0.00000000
0.00000000
0.00000000
0.00000000
0.00000000
0.00000000
0.00000000
0.00000000
0.00000000
0.01896700
0.06154900
0.05612600
0.04247000
0.04985900
0.55638900
0.44919800
0.02754200
0.00000000
0.00000000
0.00000000
0.00000000
0.00000000
0.00000000
0.00000000
0.00000000
0.00000000
0.00000000
0.00000000
0.00000000
0.00000000
0.00000000
0.00000000
0.00000000
0.05036400
0.06404400
0.12583500
0.23778300
0.41054000
0.58937800
0.50106600
0.29487300
0.04154300
0.00000000
0.00000000
0.00000000
0.00000000
0.00000000
0.00000000
0.00000000
0.00000000
0.00000000
0.00000000
0.00000000
0.00000000
0.00000000
0.00000000
0.00000000
0.16363200
0.04183700
0.18645500
0.49019500
0.63035900
0.30635700
0.17368100
0.14434300
0.00000000
0.00000000
0.00000000
0.00000000
0.00000000
0.00000000
0.00000000
0.00000000
0.00000000
0.00000000
0.00000000
0.00000000
0.00000000
0.00000000
0.00000000
0.00000000
0.01226500
0.04875100
0.04118700
0.04354700
0.05061000
0.05894000
0.06732500
0.06047700
0.00000000
0.00000000
0.00000000
0.00000000
0.00000000
0.00000000
0.00000000
0.00000000
0.00000000
0.00000000
0.00000000
0.00000000
0.00000000
0.00000000
0.00000000
0.00000000
0.07098600
0.04900000
0.04132900
0.04370400
0.04607400
0.03980000
0.03282400
0.01303700
0.00000000
0.00000000
0.00000000
0.00000000
0.00000000
0.00000000
0.00000000
0.00000000
0.00000000
0.00000000
0.00000000
0.00000000
0.00000000
0.00000000
0.00000000
0.00000000
0.01194900
0.02872200
0.33959000
0.36742100
0.67228700
0.63728200
0.51415200
0.30452000
0.03944200
0.00000000
0.00000000
0.00000000
0.00000000
0.00000000
0.00000000
0.00000000
0.00000000
0.00000000
0.00000000
0.00000000
0.00000000
0.00000000
0.00000000
0.00000000
0.00355800
0.24217000
0.11624800
0.09465500
0.07753200
0.09228300
0.07356000
0.02312700
0.04097600
0.00000000
0.00000000
0.00000000
0.00000000
0.00000000
0.00000000
0.00000000
0.00000000
0.00000000
0.00000000
0.00000000
0.00000000
0.00000000
0.00000000
0.00000000
0.20439300
0.26770700
0.37307400
0.68063900
0.66477300
0.67094600
0.50185200
0.32609000
0.04003600
0.00000000
0.00000000
0.00000000
0.00000000
0.00000000
0.00000000
0.00000000
0.00000000
0.00000000
0.00000000
0.00000000
0.00000000
0.00000000
0.00000000
0.00000000
0.01364500
0.04274600
0.48690100
0.59236400
0.46761900
0.10599000
0.04646500
0.03415700
0.00877300
0.00000000
0.00000000
0.00000000
0.00000000
0.00000000
0.00000000
0.00000000
0.00000000
0.00000000
0.00000000
0.00000000
0.00000000
0.00000000
0.00000000
0.00000000
0.16079500
0.35149200
0.62974700
0.70655700
0.69692000
0.50959800
0.52852100
0.34239000
0.03168400
0.00000000
0.00000000
0.00000000
0.00000000
0.00000000
0.00000000
0.00000000
0.00000000
0.00000000
0.00000000
0.00000000
0.00000000
0.00000000
0.00000000
0.00000000
0.00411800
0.03422900
0.05776800
0.08728500
0.04552400
0.06757900
0.04000300
0.01243000
0.03994000
0.00000000
0.00000000
0.00000000
0.00000000
0.00000000
0.00000000
0.00000000
0.00000000
0.00000000
0.00000000
0.00000000
0.00000000
0.00000000
0.00000000
0.00000000
0.19200500
0.23755500
0.52783600
0.34595800
0.67607700
0.66259200
0.50824600
0.34220700
0.05956600
0.00000000
0.00000000
0.00000000
0.00000000
0.00000000
0.00000000
0.00000000
0.00000000
0.00000000
0.00000000
0.00000000
0.00000000
0.00000000
0.00000000
0.00000000
0.20778900
0.33782600
0.30567700
0.67806800
0.63139700
0.26306300
0.23077500
0.28277200
0.04876000
0.00000000
0.00000000
0.00000000
0.00000000
0.00000000
0.00000000
0.00000000
0.00000000
0.00000000
0.00000000
0.00000000
0.00000000
0.00000000
0.00000000
0.00000000
0.05196600
0.21055300
0.29870000
0.35771300
0.36781600
0.29999900
0.31807700
0.29821300
0.02653200
0.00000000
0.00000000
0.00000000
0.00000000
0.00000000
0.00000000
0.00000000
0.00000000
0.00000000
0.00000000
0.00000000
0.00000000
0.00000000
0.00000000
0.00000000
0.11466500
0.05273100
0.05472700
0.22491400
0.24527000
0.18442700
0.03375200
0.28519600
0.00058600
0.00000000
0.00000000
0.00000000
0.00000000
0.00000000
0.00000000
0.00000000
0.00000000
0.00000000
0.00000000
0.00000000
0.00000000
0.00000000
0.00000000
0.00000000
0.12301700
0.48253000
0.63175800
0.72886700
0.75135900
0.66011300
0.28261000
0.24298700
0.00000000
0.00000000
0.00000000
0.00000000
0.00000000
0.00000000
0.00000000
0.00000000
0.00000000
0.00000000
0.00000000
0.00000000
0.00000000
0.00000000
0.00000000
0.00000000
0.24250000
0.38462200
0.15665400
0.64191400
0.32809000
0.61076800
0.12773900
0.22929300
0.00000000
0.00000000
0.00000000
0.00000000
0.00000000
0.00000000
0.00000000
0.00000000
0.00000000
0.00000000
0.00000000
0.00000000
0.00000000
0.00000000
0.00000000
0.00000000
0.00536800
0.09337000
0.09576700
0.09815500
0.07550800
0.06684700
0.35786100
0.30634100
0.09291300
0.00000000
0.00000000
0.00000000
0.00000000
0.00000000
0.00000000
0.00000000
0.00000000
0.00000000
0.00000000
0.00000000
0.00000000
0.00000000
0.00000000
0.00000000
0.03596000
0.03076300
0.07448400
0.12921100
0.10609100
0.05594500
0.05929000
0.03920500
0.00133000
0.00000000
0.00000000
0.00000000
0.00000000
0.00000000
0.00000000
0.00000000
0.00000000
0.00000000
0.00000000
0.00000000
0.00000000
0.00000000
0.00000000
0.00000000
0.21798600
0.43816200
0.60112200
0.68201400
0.44978300
0.35192400
0.44436000
0.03973500
0.05888300
0.00000000
0.00000000
0.00000000
0.00000000
0.00000000
0.00000000
0.00000000
0.00000000
0.00000000
0.00000000
0.00000000
0.00000000
0.00000000
0.00000000
0.00000000
0.07102800
0.37940700
0.07867300
0.23102400
0.21387400
0.59282700
0.24109800
0.19892300
0.03815600
0.00000000
0.00000000
0.00000000
0.00000000
0.00000000
0.00000000
0.00000000
0.00000000
0.00000000
0.00000000
0.00000000
0.00000000
0.00000000
0.00000000
0.00000000
0.20899700
0.38219900
0.18408300
0.23908900
0.24883800
0.22653600
0.16899800
0.08549400
0.00196000
0.00000000
0.00000000
0.00000000
0.00000000
0.00000000
0.00000000
0.00000000
