0.00000000
0.00000000
0.00000000
0.00000000
0.00000000
0.00000000
0.00000000
0.00000000
0.02969500
0.07775600
0.10264100
0.13884400
0.17772300
0.13797900
0.10666000
0.07230600
0.01887500
0.00000000
0.00000000
0.00000000
0.00000000
0.00000000
0.00000000
0.00000000
0.00000000
0.00000000
0.00000000
0.00000000
0.00000000
0.00000000
0.00000000
0.00000000
0.02783100
0.07767700
0.12794700
0.17085700
0.15707300
0.14614100
0.10393100
0.05396500
0.01436500
0.00000000
0.00000000
0.00000000
0.00000000
0.00000000
0.00000000
0.00000000
0.00000000
0.00000000
0.00000000
0.00000000
0.00000000
0.00000000
0.00000000
0.00000000
0.02836300
0.08768100
0.13407000
0.18333100
0.18593800
0.15930800
0.19914000
0.03775600
0.01809200
0.00000000
0.00000000
0.00000000
0.00000000
0.00000000
0.00000000
0.00000000
0.00000000
0.00000000
0.00000000
0.00000000
0.00000000
0.00000000
0.00000000
0.00019900
0.14415400
0.36974200
0.60531300
0.65355100
0.64989600
0.52607200
0.38644000
0.13656400
0.02199000
0.00000000
0.00000000
0.00000000
0.00000000
0.00000000
0.00000000
0.00000000
0.00000000
0.00000000
0.00000000
0.00000000
0.00000000
0.00000000
0.00000000
0.00092100
0.04932900
0.22139100
0.45922600
0.64205200
0.68245400
0.65113800
0.34249600
0.20215600
0.08554300
0.00000000
0.00000000
0.00000000
0.00000000
0.00000000
0.00000000
0.00000000
0.00000000
0.00000000
0.00000000
0.00000000
0.00000000
0.00000000
0.00000000
0.00053900
0.13778600
0.42765500
0.55670400
0.58972900
0.64774600
0.64282800
0.48506300
0.32068400
0.00129000
0.00000000
0.00000000
0.00000000
0.00000000
0.00000000
0.00000000
0.00000000
0.00000000
0.00000000
0.00000000
0.00000000
0.00000000
0.00000000
0.00000000
0.00000000
0.01782600
0.10685900
0.58559100
0.32199700
0.21386500
0.15402200
0.13292000
0.08361400
0.00932400
0.00000000
0.00000000
0.00000000
0.00000000
0.00000000
0.00000000
0.00000000
0.00000000
0.00000000
0.00000000
0.00000000
0.00000000
0.00000000
0.00000000
0.00000000
0.03643700
0.46371300
0.56729300
0.72813600
0.40592100
0.60039600
0.10780100
0.07313400
0.02096600
0.00000000
0.00000000
0.00000000
0.00000000
0.00000000
0.00000000
0.00000000
0.00000000
0.00000000
0.00000000
0.00000000
0.00000000
0.00000000
0.00000000
0.00000000
0.05933800
0.10616800
0.15053200
0.25266800
0.16270600
0.27690700
0.39812900
0.10457200
0.00745600
0.00000000
0.00000000
0.00000000
0.00000000
0.00000000
0.00000000
0.00000000
0.00000000
0.00000000
0.00000000
0.00000000
0.00000000
0.00000000
0.00000000
0.00146200
0.19242500
0.46216000
0.53433900
0.48829200
0.53526700
0.61470500
0.45819300
0.20569400
0.02573600
0.00000000
0.00000000
0.00000000
0.00000000
0.00000000
0.00000000
0.00000000
0.00000000
0.00000000
0.00000000
0.00000000
0.00000000
0.00000000
0.00000000
0.00000000
0.01182900
0.03737000
0.06578400
0.07655600
0.07723600
0.07576900
0.06999000
0.08906900
0.02765000
0.00000000
0.00000000
0.00000000
0.00000000
0.00000000
0.00000000
0.00000000
0.00000000
0.00000000
0.00000000
0.00000000
0.00000000
0.00000000
0.00000000
0.00511400
0.14503300
0.44468700
0.67592200
0.76322600
0.79228300
0.79461800
0.62325300
0.45940400
0.16673400
0.00000000
0.00000000
0.00000000
0.00000000
0.00000000
0.00000000
0.00000000
0.00000000
0.00000000
0.00000000
0.00000000
0.00000000
0.00000000
0.00000000
0.00166300
0.04096500
0.27033600
0.26687700
0.27532200
0.37064300
0.21794700
0.37522900
0.18789500
0.02969400
0.00000000
0.00000000
0.00000000
0.00000000
0.00000000
0.00000000
0.00000000
0.00000000
0.00000000
0.00000000
0.00000000
0.00000000
0.00000000
0.00000000
0.00000000
0.02759000
0.08889500
0.09716700
0.16127600
0.12651400
0.12533900
0.13466500
0.06177500
0.00665600
0.00000000
0.00000000
0.00000000
0.00000000
0.00000000
0.00000000
0.00000000
0.00000000
0.00000000
0.00000000
0.00000000
0.00000000
0.00000000
0.00000000
0.00000000
0.06262500
0.31939800
0.46575100
0.65170000
0.68178400
0.66653000
0.55906900
0.38293500
0.11626100
0.00000000
0.00000000
0.00000000
0.00000000
0.00000000
0.00000000
0.00000000
0.00000000
0.00000000
0.00000000
0.00000000
0.00000000
0.00000000
0.00000000
0.00671500
0.11476600
0.23271700
0.29250500
0.32229900
0.41889100
0.31084800
0.33400100
0.03994300
0.03212600
0.00000000
0.00000000
0.00000000
0.00000000
0.00000000
0.00000000
0.00000000
0.00000000
0.00000000
0.00000000
0.00000000
0.00000000
0.00000000
0.00000000
0.00000000
0.02699400
0.10595000
0.11820900
0.14524500
0.08513300
0.08202300
0.06378600
0.04201700
0.03680500
0.00000000
0.00000000
0.00000000
0.00000000
0.00000000
0.00000000
0.00000000
0.00000000
0.00000000
0.00000000
0.00000000
0.00000000
0.00000000
0.00000000
0.00000000
0.02871500
0.12578800
0.13061800
0.14714200
0.19274000
0.10002300
0.07179000
0.04866100
0.03693400
0.00000000
0.00000000
0.00000000
0.00000000
0.00000000
0.00000000
0.00000000
0.00000000
0.00000000
0.00000000
0.00000000
0.00000000
0.00000000
0.00000000
0.00000000
0.03659200
0.04813200
0.16776600
0.20162900
0.21115000
0.18752100
0.15392400
0.09320900
0.02101500
0.00000000
0.00000000
0.00000000
0.00000000
0.00000000
0.00000000
0.00000000
0.00000000
0.00000000
0.00000000
0.00000000
0.00000000
0.00000000
0.00000000
0.00841400
0.08501100
0.14544900
0.18972000
0.18234800
0.26026600
0.22242100
0.26224500
0.09229400
0.11439900
0.00000000
0.00000000
0.00000000
0.00000000
0.00000000
0.00000000
0.00000000
0.00000000
0.00000000
0.00000000
0.00000000
0.00000000
0.00000000
0.00000000
0.00000000
0.09844600
0.37626900
0.55584100
0.56818400
0.58372500
0.17801600
0.18477500
0.24591400
0.02200500
0.00000000
0.00000000
0.00000000
0.00000000
0.00000000
0.00000000
0.00000000
0.00000000
0.00000000
0.00000000
0.00000000
0.00000000
0.00000000
0.00000000
0.00012600
0.04314800
0.08957800
0.11442400
0.22313200
0.18147100
0.15823100
0.13699700
0.10093500
0.04188800
0.00000000
0.00000000
0.00000000
0.00000000
0.00000000
0.00000000
0.00000000
0.00000000
0.00000000
0.00000000
0.00000000
0.00000000
0.00000000
0.00000000
0.00000000
0.11005700
0.34079900
0.31891700
0.26092000
0.14907400
0.16068100
0.10300600
0.16283400
0.02343300
0.00000000
0.00000000
0.00000000
0.00000000
0.00000000
0.00000000
0.00000000
0.00000000
0.00000000
0.00000000
0.00000000
0.00000000
0.00000000
0.00000000
0.01545400
0.11769900
0.46146400
0.62610600
0.55221100
0.55279800
0.48162100
0.35673900
0.12840100
0.15262700
0.00477300
0.00000000
0.00000000
0.00000000
0.00000000
0.00000000
0.00000000
0.00000000
0.00000000
0.00000000
0.00000000
0.00000000
0.00000000
0.00000000
0.00000000
0.06931700
0.08628000
0.13398600
0.18135500
0.21144000
0.19866700
0.15390700
0.10271400
0.05233000
0.00000000
0.00000000
0.00000000
0.00000000
0.00000000
0.00000000
0.00000000
0.00000000
0.00000000
0.00000000
0.00000000
0.00000000
0.00000000
0.00000000
0.00081000
0.04883200
0.10452900
0.22741500
0.34317300
0.08438800
0.14406200
0.14093600
0.10180000
0.03056900
0.00000000
0.00000000
0.00000000
0.00000000
0.00000000
0.00000000
0.00000000
0.00000000
0.00000000
0.00000000
0.00000000
0.00000000
0.00000000
0.00000000
0.00244700
0.05111500
0.23172200
0.36210800
0.49160900
0.39975900
0.13731500
0.17873900
0.12489700
0.08108000
0.00406800
0.00000000
0.00000000
0.00000000
0.00000000
0.00000000
0.00000000
0.00000000
0.00000000
0.00000000
0.00000000
0.00000000
0.00000000
0.00000000
0.00027300
0.17919800
0.42067300
0.59983800
0.54599700
0.28096100
0.22561900
0.16500200
0.12410100
0.02440700
0.00075400
0.00000000
0.00000000
0.00000000
0.00000000
0.00000000
0.00000000
0.00000000
0.00000000
0.00000000
0.00000000
0.00000000
0.00000000
0.00000000
0.00000000
0.07064100
0.07060700
0.39476900
0.50007700
0.42712200
0.09393100
0.19846400
0.07482700
0.03115500
0.00000000
0.00000000
0.00000000
0.00000000
0.00000000
0.00000000
0.00000000
0.00000000
0.00000000
0.00000000
0.00000000
0.00000000
0.00000000
0.00000000
0.00293500
0.06414500
0.40245700
0.61443000
0.77221400
0.83333300
0.46860100
0.51825700
0.30490500
0.09171500
0.00898000
0.00000000
0.00000000
0.00000000
0.00000000
0.00000000
0.00000000
0.00000000
0.00000000
0.00000000
0.00000000
0.00000000
0.00000000
0.00000000
0.00437400
0.05370000
0.29042100
0.45645800
0.20718000
0.23415300
0.42425000
0.28145600
0.19277700
0.06468400
0.00094200
0.00000000
0.00000000
0.00000000
0.00000000
0.00000000
0.00000000
0.00000000
0.00000000
0.00000000
0.00000000
0.00000000
0.00000000
0.00000000
0.00707700
0.09632300
0.16300100
0.33547800
0.46968500
0.59461300
0.68607500
0.65529800
0.43387000
0.12209200
0.00239000
0.00000000
0.00000000
0.00000000
0.00000000
0.00000000
0.00000000
0.00000000
0.00000000
0.00000000
0.00000000
0.00000000
0.00000000
0.00000000
0.00872700
0.13356800
0.42885700
0.64820700
0.76703700
0.82041900
0.67243200
0.50577300
0.37548400
0.07982200
0.00000000
0.00000000
0.00000000
0.00000000
0.00000000
0.00000000
0.00000000
0.00000000
0.00000000
0.00000000
0.00000000
0.00000000
0.00000000
0.00000000
0.00453600
0.07399400
0.15556600
0.19220700
0.25638700
0.26717600
0.26716900
0.24258800
0.16614500
0.08427000
0.00804800
0.00000000
0.00000000
0.00000000
0.00000000
0.00000000
0.00000000
0.00000000
0.00000000
0.00000000
0.00000000
0.00000000
0.00000000
0.00000000
0.00605500
0.06089200
0.13586100
0.24367200
0.08691300
0.39750300
0.35394700
0.40378000
0.17567700
0.19551300
0.00892500
0.00000000
0.00000000
0.00000000
0.00000000
0.00000000
0.00000000
0.00000000
0.00000000
0.00000000
0.00000000
0.00000000
0.00000000
0.00000000
0.00486600
0.06132800
0.06571200
0.13188100
0.08006000
0.09053800
0.15530500
0.07456600
0.09533900
0.09630900
0.00519700
0.00000000
0.00000000
0.00000000
0.00000000
0.00000000
0.00000000
0.00000000
0.00000000
0.00000000
0.00000000
0.00000000
0.00000000
0.00000000
0.01612700
0.13733800
0.35106000
0.53797500
0.65504700
0.69153800
0.31407300
0.29757900
0.13887000
0.13889600
0.01130200
0.00000000
0.00000000
0.00000000
0.00000000
0.00000000
0.00000000
0.00000000
0.00000000
0.00000000
0.00000000
0.00000000
0.00000000
0.00000000
0.00701600
0.22633600
0.28146700
0.38813100
0.69560800
0.52818300
0.65291000
0.39306500
0.36806900
0.30618000
0.05421800
0.00000000
0.00000000
0.00000000
0.00000000
0.00000000
0.00000000
0.00000000
0.00000000
0.00000000
0.00000000
0.00000000
0.00000000
0.00000000
0.01696000
0.10731800
0.11441600
0.14543100
0.18133600
0.23640100
0.36946100
0.15343100
0.13329800
0.05688500
0.00885600
0.00000000
0.00000000
0.00000000
0.00000000
0.00000000
0.00000000
0.00000000
0.00000000
0.00000000
0.00000000
0.00000000
0.00000000
0.00000000
0.00249300
0.05720700
0.12587700
0.14596700
0.19623900
0.27106400
0.20034200
0.18320100
0.15982100
0.07689600
0.00798500
0.00000000
0.00000000
0.00000000
0.00000000
0.00000000
0.00000000
0.00000000
0.00000000
0.00000000
0.00000000
0.00000000
0.00000000
0.00000000
0.01898200
0.29660200
0.48518800
0.71683300
0.60277800
0.83333300
0.83333300
0.64771700
0.50838600
0.26700500
0.04671800
0.00000000
0.00000000
0.00000000
0.00000000
0.00000000
0.00000000
0.00000000
0.00000000
0.00000000
0.00000000
0.00000000
0.00000000
0.00000000
0.01314700
0.27725200
0.46886200
0.45995000
0.54212900
0.31467600
0.40670900
0.30036900
0.07439900
0.04761800
0.00558200
0.00000000
0.00000000
0.00000000
0.00000000
0.00000000
0.00000000
0.00000000
0.00000000
0.00000000
0.00000000
0.00000000
0.00000000
0.00000000
0.03024300
0.30086700
0.56737500
0.73730900
0.83333300
0.83333300
0.83204600
0.73512400
0.55723700
0.30471300
0.05148300
0.00000000
0.00000000
0.00000000
0.00000000
0.00000000
0.00000000
0.00000000
0.00000000
0.00000000
0.00000000
0.00000000
0.00000000
0.00000000
0.04459400
0.23192200
0.43004300
0.65346700
0.68298700
0.59737100
0.70187800
0.52629100
0.25942700
0.02591300
0.00618100
0.00000000
0.00000000
0.00000000
0.00000000
0.00000000
0.00000000
0.00000000
0.00000000
0.00000000
0.00000000
0.00000000
0.00000000
0.00000000
0.00305300
0.06386200
0.13786100
0.22425600
0.24870600
0.24657500
0.25867500
0.24113300
0.18409400
0.08361900
0.01380400
0.00000000
0.00000000
0.00000000
0.00000000
0.00000000
0.00000000
0.00000000
0.00000000
0.00000000
0.00000000
0.00000000
0.00000000
0.00000000
0.01882800
0.08729200
0.16300500
0.22928600
0.25436400
0.30704200
0.25184500
0.21297900
0.15584900
0.08520700
0.01269100
0.00000000
0.00000000
0.00000000
0.00000000
0.00000000
0.00000000
0.00000000
0.00000000
0.00000000
0.00000000
0.00000000
0.00000000
0.00000000
0.01593500
0.09728200
0.17896700
0.25591300
0.28229400
0.28386400
0.27456500
0.24157700
0.17851500
0.10462700
0.01682000
0.00000000
0.00000000
0.00000000
0.00000000
0.00000000
0.00000000
0.00000000
0.00000000
0.00000000
0.00000000
0.00000000
0.00000000
0.00000000
0.02571600
0.11031800
0.20343300
0.51339300
0.83333300
0.68352100
0.75905000
0.49015700
0.27068700
0.14719100
0.05236600
0.00000000
0.00000000
0.00000000
0.00000000
0.00000000
0.00000000
0.00000000
0.00000000
0.00000000
0.00000000
0.00000000
0.00000000
0.00000000
0.04920500
0.23964200
0.17085800
0.22875000
0.34762100
0.25434000
0.23125300
0.25981100
0.16138500
0.07702900
0.01714800
0.00000000
0.00000000
0.00000000
0.00000000
0.00000000
0.00000000
0.00000000
0.00000000
0.00000000
0.00000000
0.00000000
0.00000000
0.00000000
0.02340300
0.10632800
0.09965600
0.13588000
0.16878500
0.17696200
0.15895700
0.27703000
0.27244300
0.07180700
0.01873200
0.00000000
0.00000000
0.00000000
0.00000000
0.00000000
0.00000000
0.00000000
0.00000000
0.00000000
0.00000000
0.00000000
0.00000000
0.00000000
0.01579600
0.09333100
0.15717200
0.57138400
0.52702300
0.72448600
0.73430600
0.71830700
0.57696700
0.30478300
0.06863600
0.00000000
0.00000000
0.00000000
0.00000000
0.00000000
0.00000000
0.00000000
0.00000000
0.00000000
0.00000000
0.00000000
0.00000000
0.00000000
0.00865200
0.06780100
0.16327200
0.17972100
0.27270800
0.23682300
0.25495300
0.24647200
0.21739800
0.11719400
0.02955300
0.00000000
0.00000000
0.00000000
0.00000000
0.00000000
0.00000000
0.00000000
0.00000000
0.00000000
0.00000000
0.00000000
0.00000000
0.00000000
0.01426500
0.10585700
0.21280900
0.15251600
0.31562900
0.29958800
0.29267200
0.28491700
0.18188500
0.10911600
0.03009500
0.00000000
0.00000000
0.00000000
0.00000000
0.00000000
0.00000000
0.00000000
0.00000000
0.00000000
0.00000000
0.00000000
0.00000000
0.00000000
0.04001300
0.10130000
0.10960700
0.13517500
0.21500800
0.20228000
0.18818700
0.18834400
0.17743200
0.06450300
0.01694500
0.00000000
0.00000000
0.00000000
0.00000000
0.00000000
0.00000000
0.00000000
0.00000000
0.00000000
0.00000000
0.00000000
0.00000000
0.00000000
0.03153800
0.15018900
0.21847800
0.27986700
0.67243500
0.44155800
0.51205900
0.25703800
0.20893800
0.14582500
0.06483700
0.00000000
0.00000000
0.00000000
0.00000000
0.00000000
0.00000000
0.00000000
0.00000000
0.00000000
0.00000000
0.00000000
0.00000000
0.00000000
0.04276700
0.14390400
0.26587700
0.48043300
0.28081500
0.61417400
0.83333300
0.62642200
0.51370500
0.22926200
0.02363700
0.00000000
0.00000000
0.00000000
0.00000000
0.00000000
0.00000000
0.00000000
0.00000000
0.00000000
0.00000000
0.00000000
0.00000000
0.00000000
0.01867700
0.05499700
0.27801300
0.12587100
0.42074800
0.21778600
0.18725400
0.16874100
0.10032700
0.11792000
0.02707500
0.00000000
0.00000000
0.00000000
0.00000000
0.00000000
0.00000000
0.00000000
0.00000000
0.00000000
0.00000000
0.00000000
0.00000000
0.00000000
0.01998400
0.09885600
0.15683400
0.22539000
0.25010300
0.30376800
0.29399600
0.25243100
0.15237200
0.10162300
0.02035300
0.00000000
0.00000000
0.00000000
0.00000000
0.00000000
0.00000000
0.00000000
0.00000000
0.00000000
0.00000000
0.00000000
0.00000000
0.00000000
0.01824300
0.13480600
0.10491800
0.14248900
0.28385100
0.31865700
0.30961600
0.27534700
0.18796600
0.11212600
0.03484000
0.00000000
0.00000000
0.00000000
0.00000000
0.00000000
0.00000000
0.00000000
0.00000000
0.00000000
0.00000000
0.00000000
0.00000000
0.00000000
0.02429200
0.09189700
0.18400800
0.35846600
0.44313800
0.49496100
0.68544800
0.62414000
0.48481100
0.12397300
0.03584500
0.00000000
0.00000000
0.00000000
0.00000000
0.00000000
0.00000000
0.00000000
0.00000000
0.00000000
0.00000000
0.00000000
0.00000000
0.00000000
0.02876500
0.10688100
0.14143500
0.20706700
0.30861600
0.26902800
0.27764200
0.23748800
0.21695100
0.10660400
0.03384800
0.00000000
0.00000000
0.00000000
0.00000000
0.00000000
0.00000000
0.00000000
0.00000000
0.00000000
0.00000000
0.00000000
0.00000000
0.00000000
0.05836900
0.12738100
0.31694800
0.63378100
0.40588200
0.73584300
0.83333300
0.45362200
0.14165500
0.09964900
0.01542800
0.00000000
0.00000000
0.00000000
0.00000000
0.00000000
0.00000000
0.00000000
0.00000000
0.00000000
0.00000000
0.00000000
0.00000000
0.00000000
0.09891600
0.33679300
0.43174700
0.51424300
0.69876600
0.27411600
0.22142300
0.25968900
0.18452900
0.10516500
0.02149200
0.00000000
0.00000000
0.00000000
0.00000000
0.00000000
0.00000000
0.00000000
0.00000000
0.00000000
0.00000000
0.00000000
0.00000000
0.00000000
0.03222300
0.11699300
0.17354800
0.26190500
0.29830400
0.27374700
0.27566700
0.27352300
0.14527000
0.11881700
0.00929500
0.00000000
0.00000000
0.00000000
0.00000000
0.00000000
0.00000000
0.00000000
0.00000000
0.00000000
0.00000000
0.00000000
0.00000000
0.00000000
0.06926700
0.28710700
0.58386400
0.59164800
0.83333300
0.83333300
0.83333300
0.62125700
0.55602900
0.31905700
0.08970300
0.00000000
0.00000000
0.00000000
0.00000000
0.00000000
0.00000000
0.00000000
0.00000000
0.00000000
0.00000000
0.00000000
0.00000000
0.00105500
0.13313100
0.34117100
0.59981300
0.73779800
0.81096300
0.83333300
0.79085100
0.68500700
0.45021100
0.30841900
0.09807500
0.00000000
0.00000000
0.00000000
0.00000000
0.00000000
0.00000000
0.00000000
0.00000000
0.00000000
0.00000000
0.00000000
0.00000000
0.00000000
0.07815500
0.27841200
0.49631600
0.68687900
0.76737200
0.62818800
0.64363800
0.53109200
0.41904900
0.22143000
0.03058300
0.00000000
0.00000000
0.00000000
0.00000000
0.00000000
0.00000000
0.00000000
0.00000000
0.00000000
0.00000000
0.00000000
0.00000000
0.00000000
0.03324700
0.09330300
0.07153000
0.18890900
0.24540500
0.12255000
0.22842800
0.21455900
0.17616200
0.10967600
0.03425300
0.00000000
0.00000000
0.00000000
0.00000000
0.00000000
0.00000000
0.00000000
0.00000000
0.00000000
0.00000000
0.00000000
0.00000000
0.00000000
0.04446700
0.11095500
0.17675900
0.24863400
0.28858600
0.28739300
0.27143500
0.24467600
0.17429100
0.10429400
0.03105400
0.00000000
0.00000000
0.00000000
0.00000000
0.00000000
0.00000000
0.00000000
0.00000000
0.00000000
0.00000000
0.00000000
0.00000000
0.00156200
0.04315700
0.13347500
0.19684400
0.29772600
0.50711300
0.79118000
0.62380100
0.65227600
0.57555100
0.34338400
0.10187300
0.00000000
0.00000000
0.00000000
0.00000000
0.00000000
0.00000000
0.00000000
0.00000000
0.00000000
0.00000000
0.00000000
0.00000000
0.00000000
0.03741800
0.10172900
0.15949600
0.22316600
0.22465900
0.23737900
0.29269800
0.23149400
0.18513700
0.11078500
0.03548500
0.00000000
0.00000000
0.00000000
0.00000000
0.00000000
0.00000000
0.00000000
0.00000000
0.00000000
0.00000000
0.00000000
0.00000000
0.00550200
0.07361400
0.24392100
0.64086900
0.78827800
0.71432400
0.83333300
0.83333300
0.72381800
0.58526600
0.34482100
0.07619000
0.00000000
0.00000000
0.00000000
0.00000000
0.00000000
0.00000000
0.00000000
0.00000000
0.00000000
0.00000000
0.00000000
0.00000000
0.00859200
0.14218100
0.40373300
0.64232300
0.81960000
0.83333300
0.83333300
0.83333300
0.73710700
0.56625200
0.31978000
0.08894500
0.00157500
0.00000000
0.00000000
0.00000000
0.00000000
0.00000000
0.00000000
0.00000000
0.00000000
0.00000000
0.00000000
0.00000000
0.00000000
0.07479000
0.17840500
0.32558900
0.60209300
0.57171700
0.77252900
0.61950700
0.23531500
0.29164300
0.10880100
0.03139000
0.00000000
0.00000000
0.00000000
0.00000000
0.00000000
0.00000000
0.00000000
0.00000000
0.00000000
0.00000000
0.00000000
0.00000000
0.00033000
0.03680500
0.10873900
0.17192000
0.26993900
0.28902100
0.18196900
0.30513100
0.24788000
0.10878600
0.11985200
0.04103400
0.00000000
0.00000000
0.00000000
0.00000000
0.00000000
0.00000000
0.00000000
0.00000000
0.00000000
0.00000000
0.00000000
0.00000000
0.00680500
0.05261900
0.12928800
0.19962000
0.24484300
0.26257500
0.26939500
0.26957900
0.22339700
0.16701300
0.09674000
0.03807700
0.00227700
0.00000000
0.00000000
0.00000000
0.00000000
0.00000000
0.00000000
0.00000000
0.00000000
0.00000000
0.00000000
0.00000000
0.01006100
0.05438500
0.12928800
0.18987400
0.56753700
0.71512100
0.81358900
0.79138900
0.71930000
0.55201400
0.33659100
0.10432900
0.00266500
0.00000000
0.00000000
0.00000000
0.00000000
0.00000000
0.00000000
0.00000000
0.00000000
0.00000000
0.00000000
0.00000000
0.00849500
0.11922400
0.24904300
0.39615800
0.39281000
0.41575300
0.36439500
0.40332800
0.40900800
0.39134200
0.21823500
0.04023400
0.00115600
0.00000000
0.00000000
0.00000000
0.00000000
0.00000000
0.00000000
0.00000000
0.00000000
0.00000000
0.00000000
0.00000000
0.00000000
0.05515400
0.12429800
0.11912000
0.21620000
0.22881300
0.25739200
0.25515000
0.25473400
0.11312800
0.13031100
0.05217400
0.00368400
0.00000000
0.00000000
0.00000000
0.00000000
0.00000000
0.00000000
0.00000000
0.00000000
0.00000000
0.00000000
0.00000000
0.01069700
0.08275900
0.15288300
0.12710700
0.27752600
0.32240000
0.17225700
0.29519500
0.26165800
0.11092600
0.14053500
0.05950000
0.00115900
0.00000000
0.00000000
0.00000000
0.00000000
0.00000000
0.00000000
0.00000000
0.00000000
0.00000000
0.00000000
0.00000000
0.01001300
0.07118100
0.13144100
0.20240000
0.28120800
0.29776600
0.16884400
0.27014700
0.24069900
0.10400700
0.11615000
0.04284400
0.00043100
0.00000000
0.00000000
0.00000000
0.00000000
0.00000000
0.00000000
0.00000000
0.00000000
0.00000000
0.00000000
0.00000000
0.01229200
0.06912200
0.14889900
0.21953700
0.26437300
0.29863900
0.33265900
0.29501300
0.24850500
0.21199000
0.13062700
0.05268500
0.00526200
0.00000000
0.00000000
0.00000000
0.00000000
0.00000000
0.00000000
0.00000000
0.00000000
0.00000000
0.00000000
0.00000000
0.01665900
0.09960100
0.39251000
0.60156200
0.64690500
0.83333300
0.83333300
0.83333300
0.67476100
0.42921400
0.35213500
0.11267500
0.00522500
0.00000000
0.00000000
0.00000000
0.00000000
0.00000000
0.00000000
0.00000000
0.00000000
0.00000000
0.00000000
0.00000000
0.02018500
0.19323200
0.43893000
0.63130900
0.76879400
0.83333300
0.83333300
0.82580200
0.71322400
0.54913800
0.29350400
0.05544600
0.00438600
0.00000000
0.00000000
0.00000000
0.00000000
0.00000000
0.00000000
0.00000000
0.00000000
0.00000000
0.00000000
0.00000000
0.01431600
0.06843100
0.33518900
0.48246600
0.34349200
0.38553900
0.31934700
0.36461500
0.13681500
0.20367900
0.12463400
0.08337600
0.00577400
0.00000000
0.00000000
0.00000000
0.00000000
0.00000000
0.00000000
0.00000000
0.00000000
0.00000000
0.00000000
0.00000000
0.01863100
0.16169000
0.38815800
0.58608000
0.71576600
0.78049700
0.78722600
0.65365300
0.61813100
0.42667200
0.25993700
0.08142500
0.00419600
0.00000000
0.00000000
0.00000000
0.00000000
0.00000000
0.00000000
0.00000000
0.00000000
0.00000000
0.00000000
0.00000000
0.01893600
0.11355100
0.28610100
0.51656300
0.67304900
0.62528100
0.53702300
0.66184000
0.46329300
0.48824600
0.22508600
0.08040500
0.00904900
0.00000000
0.00000000
0.00000000
0.00000000
0.00000000
0.00000000
0.00000000
0.00000000
0.00000000
0.00000000
0.00000000
0.01001500
0.04213400
0.10644500
0.16072600
0.27727400
0.25352900
0.24629600
0.23555100
0.22835300
0.19493800
0.19941000
0.08287500
0.00788300
0.00000000
0.00000000
0.00000000
0.00000000
0.00000000
0.00000000
0.00000000
0.00000000
0.00000000
0.00000000
0.00000000
0.02155400
0.19100500
0.43084200
0.63017800
0.77247100
0.83333300
0.83333300
0.82337900
0.71460600
0.54474500
0.33188300
0.10822200
0.00682800
0.00000000
0.00000000
0.00000000
0.00000000
0.00000000
0.00000000
0.00000000
0.00000000
0.00000000
0.00000000
0.00000000
0.01168700
0.09813700
0.24916300
0.43680300
0.44868600
0.43828300
0.10230600
0.17683400
0.18962600
0.14646100
0.08939000
0.03291900
0.00158700
0.00000000
0.00000000
0.00000000
0.00000000
0.00000000
0.00000000
0.00000000
0.00000000
0.00000000
0.00000000
0.00000000
0.01342300
0.06320900
0.09053500
0.15641500
0.21925600
0.22891200
0.25255000
0.27334800
0.20909400
0.18943900
0.12679800
0.04773000
0.00478900
0.00000000
0.00000000
0.00000000
0.00000000
0.00000000
0.00000000
0.00000000
0.00000000
0.00000000
0.00000000
0.00000000
0.01815700
0.07382300
0.14007500
0.20878700
0.25346300
0.27309400
0.31697700
0.28758900
0.23636900
0.18940900
0.13402300
0.05029700
0.00752600
0.00000000
0.00000000
0.00000000
0.00000000
0.00000000
0.00000000
0.00000000
0.00000000
0.00000000
0.00000000
0.00000000
0.02286900
0.17211400
0.29754800
0.26943700
0.43683400
0.35132400
0.28753600
0.38529400
0.37748000
0.40987300
0.18812700
0.11185200
0.00733800
0.00000000
0.00000000
0.00000000
0.00000000
0.00000000
0.00000000
0.00000000
0.00000000
0.00000000
0.00000000
0.00000000
0.02089400
0.16761400
0.39168000
0.58878900
0.74187800
0.82651400
0.82241700
0.72181700
0.63673600
0.46298700
0.26650700
0.07918800
0.00769400
0.00000000
0.00000000
0.00000000
0.00000000
0.00000000
0.00000000
0.00000000
0.00000000
0.00000000
0.00000000
0.00000000
0.01554500
0.12677700
0.36664700
0.54902600
0.74097200
0.72287300
0.82772700
0.60138900
0.60863700
0.45677100
0.21692900
0.08138400
0.00780300
0.00000000
0.00000000
0.00000000
0.00000000
0.00000000
0.00000000
0.00000000
0.00000000
0.00000000
0.00000000
0.00000000
0.00736100
0.05795100
0.12687100
0.20191100
0.23909700
0.28316200
0.15843100
0.30361500
0.24655700
0.11157400
0.14394700
0.05846400
0.00593900
0.00000000
0.00000000
0.00000000
0.00000000
0.00000000
0.00000000
0.00000000
0.00000000
0.00000000
0.00000000
0.00000000
0.01235900
0.09526600
0.17679500
0.12961100
0.27237800
0.34234000
0.30938400
0.32769600
0.26757700
0.21491100
0.12443200
0.06290000
0.01273600
0.00000000
0.00000000
0.00000000
0.00000000
0.00000000
0.00000000
0.00000000
0.00000000
0.00000000
0.00000000
0.00000000
0.03262000
0.18771900
0.41605900
0.62122900
0.76391000
0.83333300
0.83333300
0.79056700
0.63875600
0.46117900
0.27489900
0.09071000
0.00943900
0.00000000
0.00000000
0.00000000
0.00000000
0.00000000
0.00000000
0.00000000
0.00000000
0.00000000
0.00000000
0.00000000
0.02333100
0.07056800
0.11220000
0.16641300
0.24817300
0.23980200
0.13856000
0.26786300
0.21122800
0.17613200
0.12458000
0.05307200
0.01222700
0.00000000
0.00000000
0.00000000
0.00000000
0.00000000
0.00000000
0.00000000
0.00000000
0.00000000
0.00000000
0.00000000
0.03326500
0.16712400
0.23056400
0.15026000
0.22670300
0.20469500
0.25407100
0.62635200
0.62900700
0.52565600
0.32766900
0.10238700
0.01163800
0.00000000
0.00000000
0.00000000
0.00000000
0.00000000
0.00000000
0.00000000
0.00000000
0.00000000
0.00000000
0.00000000
0.03080200
0.23398900
0.45576800
0.65625900
0.72176500
0.83333300
0.83333300
0.83333300
0.65228000
0.59561900
0.36542000
0.11964000
0.00931200
0.00000000
0.00000000
0.00000000
0.00000000
0.00000000
0.00000000
0.00000000
0.00000000
0.00000000
0.00000000
0.00000000
0.04341900
0.20797300
0.45472600
0.64809500
0.78880400
0.81513000
0.81053600
0.78445000
0.67980200
0.49985600
0.26121100
0.08548600
0.00729400
0.00000000
0.00000000
0.00000000
0.00000000
0.00000000
0.00000000
0.00000000
0.00000000
0.00000000
0.00000000
0.00000000
0.01564000
0.06295700
0.13740700
0.18237500
0.22100600
0.25357900
0.16826400
0.26363800
0.24221800
0.19663200
0.13062100
0.05955000
0.01279300
0.00000000
0.00000000
0.00000000
0.00000000
0.00000000
0.00000000
0.00000000
0.00000000
0.00000000
0.00000000
0.00039200
0.03628800
0.10754000
0.18113800
0.21935300
0.67101000
0.64193700
0.73105500
0.49030300
0.40394000
0.11804300
0.08073000
0.07088900
0.01167200
0.00000000
0.00000000
0.00000000
0.00000000
0.00000000
0.00000000
0.00000000
0.00000000
0.00000000
0.00000000
0.00000000
0.02999300
0.12551400
0.38134900
0.57970500
0.70438100
0.73304000
0.57469900
0.61554300
0.58429700
0.40111600
0.18562600
0.06076200
0.01023300
0.00000000
0.00000000
0.00000000
0.00000000
0.00000000
0.00000000
0.00000000
0.00000000
0.00000000
0.00000000
0.00207400
0.03529700
0.22030500
0.44014000
0.60861400
0.72939000
0.79206000
0.77119800
0.71993000
0.62086900
0.47863800
0.27546500
0.09925900
0.01838100
0.00000000
0.00000000
0.00000000
0.00000000
0.00000000
0.00000000
0.00000000
0.00000000
0.00000000
0.00000000
0.00109400
0.02067000
0.08210000
0.14638200
0.14488800
0.21952300
0.29521300
0.16990600
0.28011700
0.30087600
0.17729900
0.17854900
0.04937100
0.01516900
0.00000000
0.00000000
0.00000000
0.00000000
0.00000000
0.00000000
0.00000000
0.00000000
0.00000000
0.00000000
0.00000000
0.02301000
0.08689200
0.14425000
0.11825300
0.27952200
0.26070200
0.29351300
0.29118100
0.25957000
0.21158100
0.14428300
0.07154000
0.01872400
0.00000000
0.00000000
0.00000000
0.00000000
0.00000000
0.00000000
0.00000000
0.00000000
0.00000000
0.00000000
0.00505800
0.04080500
0.10316700
0.17157400
0.24701100
0.28061900
0.30087500
0.31670800
0.31810700
0.27103400
0.25276700
0.16921000
0.05020400
0.01711100
0.00000000
0.00000000
0.00000000
0.00000000
0.00000000
0.00000000
0.00000000
0.00000000
0.00000000
0.00000000
0.00414800
0.04322000
0.22890200
0.45625100
0.64025400
0.70114900
0.65178500
0.63369800
0.74947700
0.48837600
0.47869000
0.29474300
0.10675100
0.01930200
0.00000000
0.00000000
0.00000000
0.00000000
0.00000000
0.00000000
0.00000000
0.00000000
0.00000000
0.00000000
0.00000000
0.03431000
0.07404700
0.13168000
0.24132400
0.23626200
0.31159700
0.18181800
0.29903200
0.25002500
0.22702000
0.15163800
0.07132200
0.01809500
0.00000000
0.00000000
0.00000000
0.00000000
0.00000000
0.00000000
0.00000000
0.00000000
0.00000000
0.00000000
0.00374400
0.03669800
0.11948400
0.15767100
0.26285500
0.36652800
0.73363600
0.74445700
0.67000900
0.51916400
0.17545000
0.09745800
0.05425600
0.00490300
0.00000000
0.00000000
0.00000000
0.00000000
0.00000000
0.00000000
0.00000000
0.00000000
0.00000000
0.00000000
0.00269100
0.05836400
0.13506400
0.17918500
0.24025800
0.30303500
0.33699000
0.36242100
0.32178200
0.27729800
0.13011000
0.15576800
0.09464100
0.02181200
0.00000000
0.00000000
0.00000000
0.00000000
0.00000000
0.00000000
0.00000000
0.00000000
0.00000000
0.00000000
0.00837600
0.04732900
0.12685000
0.20012800
0.23882100
0.32676800
0.31140600
0.35741900
0.31163100
0.29211400
0.13877900
0.15613700
0.08015100
0.02055200
0.00000000
0.00000000
0.00000000
0.00000000
0.00000000
0.00000000
0.00000000
0.00000000
0.00000000
0.00000000
0.00917500
0.05513200
0.21681000
0.42065300
0.61776900
0.76355700
0.81723300
0.83333300
0.79846000
0.69481600
0.52438800
0.31091900
0.10974400
0.02141200
0.00000000
0.00000000
0.00000000
0.00000000
0.00000000
0.00000000
0.00000000
0.00000000
0.00000000
0.00000000
0.00620100
0.04623200
0.23544500
0.30776200
0.48813900
0.42161900
0.56944300
0.41759900
0.31970200
0.19815500
0.17978300
0.12300600
0.06417400
0.01910400
0.00000000
0.00000000
0.00000000
0.00000000
0.00000000
0.00000000
0.00000000
0.00000000
0.00000000
0.00000000
0.01185900
0.06003000
0.23157900
0.45104000
0.60695600
0.71926000
0.79733500
0.80305400
0.69649000
0.65635800
0.51903500
0.28719100
0.10567200
0.01743700
0.00000000
0.00000000
0.00000000
0.00000000
0.00000000
0.00000000
0.00000000
0.00000000
0.00000000
0.00000000
0.00689500
0.04457300
0.24967100
0.47583200
0.65772600
0.78186300
0.83333300
0.83333300
0.81959000
0.71400900
0.55280600
0.33927700
0.11188500
0.01401700
0.00000000
0.00000000
0.00000000
0.00000000
0.00000000
0.00000000
0.00000000
0.00000000
0.00000000
0.00000000
0.00920400
0.04431900
0.14108000
0.23254600
0.41024700
0.57792000
0.54837600
0.64814000
0.66029500
0.59328300
0.50133900
0.30761600
0.10450900
0.02108200
0.00000000
0.00000000
0.00000000
0.00000000
0.00000000
0.00000000
0.00000000
0.00000000
0.00000000
0.00000000
0.00944000
0.05310400
0.11903200
0.23080800
0.19749400
0.54797900
0.74562200
0.74842200
0.70879900
0.63660900
0.49181000
0.30535000
0.09423900
0.01364900
0.00000000
0.00000000
0.00000000
0.00000000
0.00000000
0.00000000
0.00000000
0.00000000
0.00000000
0.00000000
0.00647100
0.04440000
0.10624300
0.15606700
0.22720500
0.72535800
0.64826400
0.56432300
0.70068700
0.33751200
0.28601000
0.23041400
0.08557700
0.02315900
0.00000000
0.00000000
0.00000000
0.00000000
0.00000000
0.00000000
0.00000000
0.00000000
0.00000000
0.00000000
0.00486800
0.04285600
0.09363700
0.17368600
0.42795100
0.63472400
0.74534300
0.70897000
0.71795900
0.62009400
0.48059500
0.29783800
0.10371300
0.02161600
0.00000000
0.00000000
0.00000000
0.00000000
0.00000000
0.00000000
0.00000000
0.00000000
0.00000000
0.00000000
0.00949400
0.04765400
0.23306600
0.44764900
0.62406600
0.73279400
0.80696600
0.81821700
0.76751800
0.62784900
0.48333800
0.31130700
0.10570500
0.02238300
0.00000000
0.00000000
0.00000000
0.00000000
0.00000000
0.00000000
0.00000000
0.00000000
0.00000000
0.00000000
0.01002900
0.04921100
0.23766700
0.44385100
0.55902100
0.66629800
0.61085500
0.74114500
0.69142100
0.65544600
0.50697200
0.31327700
0.10752300
0.01835400
0.00000000
0.00000000
0.00000000
0.00000000
0.00000000
0.00000000
0.00000000
0.00000000
0.00000000
0.00000000
0.01354200
0.05665000
0.15264900
0.38367700
0.61368500
0.54067200
0.52475000
0.81251500
0.75760900
0.63172900
0.47925300
0.28961300
0.09650800
0.02251200
0.00000000
0.00000000
0.00000000
0.00000000
0.00000000
0.00000000
0.00000000
0.00000000
0.00000000
0.00000000
0.00705100
0.05666400
0.10995700
0.12320600
0.09433100
0.15540800
0.65060200
0.75139500
0.66322100
0.62235600
0.49313100
0.30621800
0.10994900
0.02287700
0.00000000
0.00000000
0.00000000
0.00000000
0.00000000
0.00000000
0.00000000
0.00000000
0.00000000
0.00000000
0.01490000
0.07460800
0.22483400
0.33745400
0.56455300
0.73092400
0.78993900
0.83333300
0.73484100
0.62537600
0.39610700
0.21752700
0.05565900
0.02101500
0.00000000
0.00000000
0.00000000
0.00000000
0.00000000
0.00000000
0.00000000
0.00000000
0.00000000
0.00000000
0.01524600
0.05621600
0.23663700
0.44521600
0.60996600
0.70232000
0.80181000
0.80200800
0.47859000
0.33253100
0.24157600
0.15843100
0.03801800
0.03422300
0.00000000
0.00000000
0.00000000
0.00000000
0.00000000
0.00000000
0.00000000
0.00000000
0.00000000
0.00000000
0.01149100
0.07271300
0.13411500
0.38421700
0.39724300
0.27826400
0.40462600
0.22969300
0.31667600
0.26950300
0.20052900
0.12886900
0.11823700
0.02181600
0.00000000
0.00000000
0.00000000
0.00000000
0.00000000
0.00000000
0.00000000
0.00000000
0.00000000
0.00000000
0.01387800
0.05875700
0.23778900
0.42195800
0.59523400
0.72661100
0.77484400
0.71984000
0.71587600
0.55004300
0.46158900
0.26316900
0.08355100
0.03070700
0.00000000
0.00000000
0.00000000
0.00000000
0.00000000
0.00000000
0.00000000
0.00000000
0.00000000
0.00000000
0.00157600
0.02880300
0.06680300
0.40329100
0.23069300
0.60873800
0.51911600
0.43358000
0.46433200
0.52739200
0.24775100
0.26399400
0.11880400
0.03004900
0.00110400
0.00000000
0.00000000
0.00000000
0.00000000
0.00000000
0.00000000
0.00000000
0.00000000
0.00000000
0.01518900
0.05960500
0.15419500
0.36979400
0.54911600
0.17569300
0.28652200
0.26492900
0.31328700
0.22685800
0.19079000
0.12452700
0.05053100
0.02907600
0.00000000
0.00000000
0.00000000
0.00000000
0.00000000
0.00000000
0.00000000
0.00000000
0.00000000
0.00000000
0.00252200
0.02332300
0.06204500
0.09920900
0.13265500
0.17880000
0.18399400
0.21043400
0.30353800
0.29062900
0.21161800
0.15428800
0.05956400
0.01521900
0.00277300
0.00000000
0.00000000
0.00000000
0.00000000
0.00000000
0.00000000
0.00000000
0.00000000
0.00000000
0.01343900
0.03664000
0.07443600
0.11379800
0.14668000
0.18999400
0.32312100
0.34847600
0.35947500
0.27882300
0.18374500
0.12950500
0.09547000
0.03899800
0.00124600
0.00000000
0.00000000
0.00000000
0.00000000
0.00000000
0.00000000
0.00000000
0.00000000
0.00000000
0.01759600
0.06816900
0.23085600
0.39545800
0.33050500
0.29758400
0.29595700
0.27400200
0.42636600
0.61856600
0.46747700
0.29195800
0.10037500
0.03330200
0.00000000
0.00000000
0.00000000
0.00000000
0.00000000
0.00000000
0.00000000
0.00000000
0.00000000
0.00000000
0.01513000
0.05514000
0.24186700
0.44152200
0.58635200
0.70020200
0.72524900
0.71617300
0.67147300
0.53940200
0.46380200
0.20762800
0.11916100
0.03715500
0.00215800
0.00000000
0.00000000
0.00000000
0.00000000
0.00000000
0.00000000
0.00000000
0.00000000
0.00000000
0.02526500
0.08374100
0.22078600
0.32836400
0.33337600
0.43932100
0.56265600
0.53767200
0.18850800
0.21539800
0.18619700
0.09168400
0.04080600
0.02094100
0.00000000
0.00000000
0.00000000
0.00000000
0.00000000
0.00000000
0.00000000
0.00000000
0.00000000
0.00000000
0.01841700
0.04541100
0.07743700
0.12202100
0.16108700
0.18581800
0.20109600
0.18252900
0.17164600
0.15824200
0.22029600
0.23336900
0.11120600
0.04143500
0.00313200
0.00000000
0.00000000
0.00000000
0.00000000
0.00000000
0.00000000
0.00000000
0.00000000
0.00000000
0.00858800
0.03158800
0.05378600
0.09311700
0.21375900
0.25610100
0.31081800
0.42981200
0.24293900
0.37866400
0.20666500
0.26917700
0.10735900
0.03144400
0.00337300
0.00000000
0.00000000
0.00000000
0.00000000
0.00000000
0.00000000
0.00000000
0.00000000
0.00000000
0.02015400
0.06007600
0.21188200
0.42795000
0.58594700
0.68850500
0.68713900
0.70439400
0.67865600
0.57443700
0.44895000
0.23842000
0.11256700
0.04200400
0.00304100
0.00000000
0.00000000
0.00000000
0.00000000
0.00000000
0.00000000
0.00000000
0.00000000
0.00000000
0.01295100
0.06242900
0.11452100
0.32453800
0.19060200
0.31586700
0.24980400
0.43831900
0.42118100
0.37884900
0.23535500
0.27807400
0.11829800
0.03500600
0.00387100
0.00000000
0.00000000
0.00000000
0.00000000
0.00000000
0.00000000
0.00000000
0.00000000
0.00000000
0.01649900
0.05252700
0.23270500
0.43682700
0.59676400
0.71845500
0.77199500
0.68563700
0.70195400
0.57703700
0.46510000
0.24644900
0.10689300
0.02154600
0.00375300
0.00000000
0.00000000
0.00000000
0.00000000
0.00000000
0.00000000
0.00000000
0.00000000
0.00000000
0.02080000
0.06502400
0.22012900
0.39314400
0.54978200
0.62787600
0.63836500
0.67470500
0.64641600
0.56105200
0.44067100
0.26872000
0.10965800
0.03723200
0.00512100
0.00000000
0.00000000
0.00000000
0.00000000
0.00000000
0.00000000
0.00000000
0.00000000
0.00000000
0.02547100
0.07626200
0.17729400
0.15238400
0.40859000
0.45125100
0.43548800
0.62836200
0.45587100
0.40812800
0.45628400
0.23320900
0.12269400
0.03913200
0.00458700
0.00000000
0.00000000
0.00000000
0.00000000
0.00000000
0.00000000
0.00000000
0.00000000
0.00000000
0.03188900
0.05102200
0.22955200
0.42697600
0.58253400
0.69728800
0.75474900
0.71556100
0.62509100
0.57383900
0.46853900
0.30882200
0.10916100
0.02298500
0.00518600
0.00000000
0.00000000
0.00000000
0.00000000
0.00000000
0.00000000
0.00000000
0.00000000
0.00000000
0.01576900
0.05151300
0.24033100
0.44312300
0.58955800
0.72562300
0.78712700
0.79697900
0.75277600
0.58775400
0.48061200
0.29649200
0.10663200
0.01994000
0.00465300
0.00000000
0.00000000
0.00000000
0.00000000
0.00000000
0.00000000
0.00000000
0.00000000
0.00000000
0.02208900
0.08912300
0.20128200
0.38829000
0.37182800
0.20644100
0.40449200
0.60106900
0.49651000
0.47231900
0.26099500
0.20214600
0.11118100
0.04191000
0.00617000
0.00000000
0.00000000
0.00000000
0.00000000
0.00000000
0.00000000
0.00000000
0.00000000
0.00000000
0.02520900
0.05218700
0.11520400
0.08996600
0.23885000
0.21653800
0.64446100
0.40840000
0.63059400
0.48943100
0.20194400
0.14620100
0.07213700
0.04258400
0.00503700
0.00000000
0.00000000
0.00000000
0.00000000
0.00000000
0.00000000
0.00000000
0.00000000
0.00000000
0.02682900
0.06266400
0.15738700
0.30286000
0.55068800
0.65270600
0.66493000
0.54651700
0.33613200
0.49718100
0.35702100
0.20374400
0.10069800
0.03485300
0.00000000
0.00000000
0.00000000
0.00000000
0.00000000
0.00000000
0.00000000
0.00000000
0.00000000
0.00000000
0.02677800
0.06568400
0.11082000
0.38220600
0.48446800
0.61221100
0.55350400
0.54236600
0.55873700
0.33083100
0.09697600
0.20435700
0.11952400
0.03726000
0.00055200
0.00000000
0.00000000
0.00000000
0.00000000
0.00000000
0.00000000
0.00000000
0.00000000
0.00000000
0.01673200
0.07118700
0.18021700
0.38997400
0.42857300
0.60786500
0.65395100
0.68326500
0.57945100
0.15689900
0.36394100
0.24472800
0.09935000
0.04217400
0.00300300
0.00000000
0.00000000
0.00000000
0.00000000
0.00000000
0.00000000
0.00000000
0.00000000
0.00000000
0.02840600
0.08134600
0.15403100
0.29517900
0.46426700
0.46617400
0.41446000
0.26029300
0.31417100
0.17859100
0.18290800
0.17810200
0.09939100
0.03218300
0.00478500
0.00000000
0.00000000
0.00000000
0.00000000
0.00000000
0.00000000
0.00000000
0.00000000
0.00000000
0.02711500
0.06098400
0.20886400
0.35893400
0.45534800
0.29346300
0.57128200
0.37400700
0.45366000
0.36263400
0.26694500
0.11320700
0.08409700
0.03696200
0.00791700
0.00000000
0.00000000
0.00000000
0.00000000
0.00000000
0.00000000
0.00000000
0.00000000
0.00000000
0.01595500
0.05007500
0.10319700
0.13845800
0.15396100
0.20236400
0.19755800
0.21904600
0.18582500
0.31297500
0.23216500
0.25206200
0.10911300
0.02276300
0.00551800
0.00000000
0.00000000
0.00000000
0.00000000
0.00000000
0.00000000
0.00000000
0.00000000
0.00000000
0.02054600
0.04987000
0.20553800
0.34288000
0.51541900
0.61957800
0.68231000
0.68620500
0.64768000
0.56543600
0.35388000
0.28928800
0.07722100
0.04286600
0.00158200
0.00000000
0.00000000
0.00000000
0.00000000
0.00000000
0.00000000
0.00000000
0.00000000
0.00000000
0.02950300
0.06611600
0.15069700
0.24368600
0.50686600
0.54985700
0.67882900
0.69410300
0.64012100
0.56058200
0.23576000
0.23777500
0.12851600
0.04974900
0.01301800
0.00000000
0.00000000
0.00000000
0.00000000
0.00000000
0.00000000
0.00000000
0.00000000
0.00000000
0.02332500
0.06475700
0.21843100
0.33541200
0.26766800
0.36852200
0.66374500
0.62440400
0.67442500
0.43530200
0.25107600
0.11984100
0.11964800
0.04733200
0.00403700
0.00000000
0.00000000
0.00000000
0.00000000
0.00000000
0.00000000
0.00000000
0.00000000
0.00000000
0.02020900
0.05116600
0.22478100
0.41819900
0.54441400
0.62287500
0.67424000
0.55088200
0.56146900
0.62127500
0.42262900
0.28982300
0.11282300
0.02935800
0.00808400
0.00000000
0.00000000
0.00000000
0.00000000
0.00000000
0.00000000
0.00000000
0.00000000
0.00027200
0.02234900
0.04981600
0.21804700
0.40952900
0.56564700
0.66817000
0.72856200
0.73470300
0.69926500
0.61433100
0.48573200
0.30536200
0.11319400
0.02299600
0.00708300
0.00000000
0.00000000
0.00000000
0.00000000
0.00000000
0.00000000
0.00000000
0.00000000
0.00000000
0.02901000
0.06534300
0.21355500
0.39999100
0.54208600
0.64024600
0.69441700
0.70689100
0.67134400
0.59737400
0.46160100
0.29886100
0.11402400
0.03019500
0.00865900
0.00000000
0.00000000
0.00000000
0.00000000
0.00000000
0.00000000
0.00000000
0.00000000
0.00000000
0.02005100
0.04873600
0.20509800
0.31390800
0.41652900
0.54925800
0.69917600
0.67192500
0.64096000
0.55293500
0.43672400
0.17769600
0.11959000
0.04895900
0.00000000
0.00000000
0.00000000
0.00000000
0.00000000
0.00000000
0.00000000
0.00000000
0.00000000
0.00000000
0.02054600
0.04007500
0.18736600
0.36357900
0.54953700
0.50538400
0.54192500
0.68168800
0.47447200
0.26669700
0.32664400
0.09555200
0.08502700
0.02781200
0.00575500
0.00000000
0.00000000
0.00000000
0.00000000
0.00000000
0.00000000
0.00000000
0.00000000
0.00000000
0.02227000
0.07480200
0.11031800
0.15473800
0.20752500
0.27040100
0.32830600
0.66683700
0.48319900
0.35146900
0.37696700
0.30107300
0.10820600
0.02543500
0.00766200
0.00000000
0.00000000
0.00000000
0.00000000
0.00000000
0.00000000
0.00000000
0.00000000
0.00000000
0.02253500
0.05246300
0.21372800
0.38905600
0.47954300
0.65387200
0.71606500
0.71924000
0.68426400
0.51815700
0.45588500
0.30015400
0.11372900
0.03596600
0.00798300
0.00000000
0.00000000
0.00000000
0.00000000
0.00000000
0.00000000
0.00000000
0.00000000
0.00000000
0.01679900
0.04478000
0.22087500
0.38363700
0.53926400
0.63359600
0.70887100
0.69571100
0.59876500
0.57357100
0.34596700
0.27756100
0.13278900
0.05241400
0.00686600
0.00000000
0.00000000
0.00000000
0.00000000
0.00000000
0.00000000
0.00000000
0.00000000
0.00000000
0.01038400
0.03480300
0.06681900
0.23710200
0.27473700
0.22190200
0.23233100
0.15013900
0.15517500
0.24662800
0.20613600
0.14951900
0.10586100
0.03170900
0.01199200
0.00000000
0.00000000
0.00000000
0.00000000
0.00000000
0.00000000
0.00000000
0.00000000
0.00000000
0.02871200
0.08906500
0.15293800
0.25292800
0.44994700
0.48999700
0.44571000
0.38576300
0.32265000
0.39979600
0.44161500
0.26544300
0.11764600
0.03378700
0.00885800
0.00000000
0.00000000
0.00000000
0.00000000
0.00000000
0.00000000
0.00000000
0.00000000
0.00000000
0.01997800
0.05932100
0.08982000
0.17466300
0.23248600
0.25510100
0.67105900
0.24963800
0.64911800
0.47800200
0.44690100
0.25321800
0.10981400
0.02564700
0.00057600
0.00000000
0.00000000
0.00000000
0.00000000
0.00000000
0.00000000
0.00000000
0.00000000
0.00000000
0.03030800
0.06623900
0.09183600
0.33007100
0.48809800
0.56960700
0.21267900
0.26932500
0.55193200
0.44290400
0.34059300
0.10148700
0.11308700
0.03577700
0.01027800
0.00000000
0.00000000
0.00000000
0.00000000
0.00000000
0.00000000
0.00000000
0.00000000
0.00000000
0.02117200
0.06415300
0.14801800
0.19560500
0.33196400
0.22492700
0.29431900
0.37089100
0.47660200
0.28562200
0.22157100
0.15948300
0.13052500
0.04380300
0.01008600
0.00000000
0.00000000
0.00000000
0.00000000
0.00000000
0.00000000
0.00000000
0.00000000
0.00000000
0.02299700
0.05370200
0.21121600
0.34616600
0.39093100
0.54745300
0.67406000
0.64366900
0.65807900
0.46391800
0.46765800
0.20763100
0.09975200
0.05662200
0.00533200
0.00000000
0.00000000
0.00000000
0.00000000
0.00000000
0.00000000
0.00000000
0.00000000
0.00000000
0.02131500
0.06209800
0.09928600
0.32534900
0.38403700
0.27882600
0.30782800
0.29761000
0.28835900
0.14995000
0.14546700
0.15372700
0.11562800
0.06100600
0.00458500
0.00000000
0.00000000
0.00000000
0.00000000
0.00000000
0.00000000
0.00000000
0.00000000
0.00000000
0.01714500
0.05292000
0.17193800
0.23106300
0.54354600
0.62077100
0.70070200
0.72558700
0.68214000
0.62521500
0.47001900
0.29640900
0.13451100
0.03109800
0.00783200
0.00000000
0.00000000
0.00000000
0.00000000
0.00000000
0.00000000
0.00000000
0.00000000
0.00000000
0.02331900
0.05729200
0.20784000
0.39559700
0.54753100
0.65341700
0.68962400
0.71043200
0.65456600
0.54006000
0.45863600
0.29782400
0.13813900
0.04346100
0.00992500
0.00000000
0.00000000
0.00000000
0.00000000
0.00000000
0.00000000
0.00000000
0.00000000
0.00000000
0.02549300
0.06568100
0.19935300
0.37777500
0.53851000
0.65255900
0.67877500
0.69834500
0.69132300
0.57600200
0.40173600
0.08045800
0.07516400
0.03782200
0.01063100
0.00000000
0.00000000
0.00000000
0.00000000
0.00000000
0.00000000
0.00000000
0.00000000
0.00000000
0.03041700
0.06155700
0.16038200
0.22384900
0.35814000
0.30022900
0.69792800
0.60697000
0.53178700
0.59097300
0.46203100
0.31189100
0.12570400
0.04072500
0.00965100
0.00000000
0.00000000
0.00000000
0.00000000
0.00000000
0.00000000
0.00000000
0.00000000
0.00000000
0.02557200
0.05833800
0.16089700
0.22138900
0.35572000
0.37662600
0.57920700
0.43141000
0.26000900
0.14671000
0.11648500
0.09701400
0.10595200
0.03093400
0.00670900
0.00000000
0.00000000
0.00000000
0.00000000
0.00000000
0.00000000
0.00000000
0.00000000
0.00000000
0.01146600
0.04782800
0.14851700
0.12941800
0.28357500
0.57695100
0.62174200
0.42987600
0.59151400
0.56826500
0.41440700
0.27804900
0.12544900
0.04213600
0.01035200
0.00000000
0.00000000
0.00000000
0.00000000
0.00000000
0.00000000
0.00000000
0.00000000
0.00000000
0.02259600
0.05314900
0.20909700
0.39890500
0.55396400
0.67096400
0.74271600
0.66648400
0.72059700
0.55262800
0.46391200
0.25287500
0.11398600
0.04990600
0.01088800
0.00000000
0.00000000
0.00000000
0.00000000
0.00000000
0.00000000
0.00000000
0.00000000
0.00000000
0.00658300
0.03113400
0.11938700
0.11970400
0.23645600
0.26523600
0.60374500
0.44585100
0.16737700
0.31123800
0.25248300
0.12755100
0.08769400
0.03861700
0.01223500
0.00000000
0.00000000
0.00000000
0.00000000
0.00000000
0.00000000
0.00000000
0.00000000
0.00000000
0.02035500
0.04717100
0.19772900
0.37841800
0.27434600
0.26568600
0.43482200
0.52308600
0.66563400
0.29829400
0.22027100
0.28587100
0.10722000
0.03302100
0.01202300
0.00000000
0.00000000
0.00000000
0.00000000
0.00000000
0.00000000
0.00000000
0.00000000
0.00000000
0.02490600
0.06245600
0.20208100
0.36249300
0.49236500
0.60969300
0.64764200
0.63388800
0.62405300
0.55553600
0.45556900
0.29961900
0.12133400
0.02857600
0.00922000
0.00000000
0.00000000
0.00000000
0.00000000
0.00000000
0.00000000
0.00000000
0.00000000
0.00000000
0.01583800
0.03558600
0.19556900
0.37889600
0.52670000
0.62074500
0.68727600
0.68971700
0.67375400
0.58927700
0.47396700
0.30661100
0.12114100
0.02303600
0.00770400
0.00000000
0.00000000
0.00000000
0.00000000
0.00000000
0.00000000
0.00000000
0.00000000
0.00000000
0.02596300
0.06599000
0.19199800
0.35945600
0.50873200
0.62187900
0.68645900
0.69603700
0.65914300
0.57752300
0.44538200
0.29167900
0.13256800
0.04676400
0.00830900
0.00000000
0.00000000
0.00000000
0.00000000
0.00000000
0.00000000
0.00000000
0.00000000
0.00000000
0.02251500
0.05404600
0.06194000
0.17010400
0.12487500
0.25896000
0.35719900
0.37774900
0.36026500
0.41500200
0.27882900
0.20016900
0.09459100
0.03121600
0.00807700
0.00000000
0.00000000
0.00000000
0.00000000
0.00000000
0.00000000
0.00000000
0.00000000
0.00000000
0.02184300
0.06139900
0.20251600
0.36242400
0.53152100
0.60198400
0.35680600
0.28825200
0.21772900
0.23765700
0.19060200
0.27389000
0.13401800
0.03939900
0.00845200
0.00000000
0.00000000
0.00000000
0.00000000
0.00000000
0.00000000
0.00000000
0.00000000
0.00000000
0.02583200
0.06739200
0.15195700
0.37277300
0.46878900
0.54119300
0.21274400
0.16573900
0.15604600
0.22172400
0.42216500
0.31911800
0.12081700
0.03672300
0.00439600
0.00000000
0.00000000
0.00000000
0.00000000
0.00000000
0.00000000
0.00000000
0.00000000
0.00000000
0.01888300
0.05557100
0.18400500
0.25583300
0.38616500
0.39366800
0.58480200
0.67775800
0.33131300
0.55395700
0.48192200
0.29462700
0.13325200
0.03671100
0.01129300
0.00000000
0.00000000
0.00000000
0.00000000
0.00000000
0.00000000
0.00000000
0.00000000
0.00000000
0.01864700
0.05596200
0.19125500
0.36470700
0.54134300
0.62939100
0.70458700
0.46155700
0.63244100
0.60985300
0.40335400
0.29671300
0.13274200
0.03906500
0.00826500
0.00000000
0.00000000
0.00000000
0.00000000
0.00000000
0.00000000
0.00000000
0.00000000
0.00000000
0.02171200
0.04951100
0.17815200
0.38409000
0.50467700
0.58632100
0.65630200
0.62799200
0.60571000
0.57687800
0.43369100
0.27438400
0.13806900
0.04558400
0.01030500
0.00000000
0.00000000
0.00000000
0.00000000
0.00000000
0.00000000
0.00000000
0.00000000
0.00000000
0.01353200
0.03726900
0.15344200
0.14935400
0.25686300
0.58959800
0.66375100
0.63344300
0.32152700
0.15706000
0.43545000
0.30100800
0.11504100
0.02352600
0.00816000
0.00000000
0.00000000
0.00000000
0.00000000
0.00000000
0.00000000
0.00000000
0.00000000
0.00000000
0.01387200
0.04434500
0.14318200
0.16366100
0.16635300
0.20556100
0.18551800
0.15971000
0.27776000
0.26860100
0.36671900
0.32841100
0.12320800
0.05233800
0.00942300
0.00000000
0.00000000
0.00000000
0.00000000
0.00000000
0.00000000
0.00000000
0.00000000
0.00000000
0.02582600
0.06143400
0.18850500
0.33824600
0.49984600
0.58658000
0.59668500
0.69718600
0.63919700
0.59021200
0.44911500
0.27164500
0.13763500
0.04602100
0.01106500
0.00000000
0.00000000
0.00000000
0.00000000
0.00000000
0.00000000
0.00000000
0.00000000
0.00000000
0.01494800
0.07108600
0.16154400
0.14614200
0.46288100
0.18532800
0.23429300
0.71583200
0.59152000
0.58888000
0.43611500
0.18048400
0.13965800
0.02732700
0.00812100
0.00000000
0.00000000
0.00000000
0.00000000
0.00000000
0.00000000
0.00000000
0.00000000
0.00000000
0.01917200
0.04404000
0.14006800
0.19785900
0.27450300
0.28764000
0.22513100
0.27424900
0.27633000
0.26819100
0.34206200
0.24575400
0.13675800
0.03587300
0.00748100
0.00000000
0.00000000
0.00000000
0.00000000
0.00000000
0.00000000
0.00000000
0.00000000
0.00000000
0.01423200
0.04059500
0.19064300
0.37709300
0.37835600
0.50617400
0.69046300
0.69977500
0.68922300
0.62899800
0.50154900
0.33386900
0.13594500
0.02686100
0.00843800
0.00000000
0.00000000
0.00000000
0.00000000
0.00000000
0.00000000
0.00000000
0.00000000
0.00000000
0.01964000
0.05194000
0.19679700
0.35405000
0.43608000
0.61436500
0.53900600
0.47201800
0.61716700
0.56302700
0.36585700
0.30021600
0.12930300
0.03472700
0.01017500
0.00000000
0.00000000
0.00000000
0.00000000
0.00000000
0.00000000
0.00000000
0.00000000
0.00000000
0.02167600
0.06327200
0.18226800
0.34894900
0.51938600
0.62576400
0.71072300
0.71217900
0.68933200
0.59820400
0.47724600
0.30864100
0.13750000
0.04319900
0.00789700
0.00000000
0.00000000
0.00000000
0.00000000
0.00000000
0.00000000
0.00000000
0.00000000
0.00000000
0.00720800
0.03657700
0.09568600
0.28050800
0.25784600
0.25402300
0.50589300
0.45578400
0.54030000
0.57335000
0.45844600
0.25814600
0.13174100
0.02931700
0.00784300
0.00000000
0.00000000
0.00000000
0.00000000
0.00000000
0.00000000
0.00000000
0.00000000
0.00000000
0.01834600
0.03504100
0.09568500
0.15940700
0.23465200
0.16685100
0.19067600
0.17016800
0.31122600
0.27611800
0.25671100
0.17058400
0.11195800
0.05305400
0.01197000
0.00000000
0.00000000
0.00000000
0.00000000
0.00000000
0.00000000
0.00000000
0.00000000
0.00000000
0.01622000
0.04758900
0.20034900
0.39443800
0.56744200
0.68025800
0.75241800
0.77437400
0.73891300
0.64547300
0.50090000
0.30680900
0.13751300
0.03513400
0.00927800
0.00000000
0.00000000
0.00000000
0.00000000
0.00000000
0.00000000
0.00000000
0.00000000
0.00000000
0.01169200
0.04140600
0.19872300
0.37811400
0.53023900
0.50520200
0.31513300
0.62625400
0.60401000
0.39475500
0.36931000
0.18247700
0.10986100
0.03757800
0.01094700
0.00000000
0.00000000
0.00000000
0.00000000
0.00000000
0.00000000
0.00000000
0.00000000
0.00000000
0.01314000
0.04868700
0.16385400
0.35810500
0.43493400
0.52913100
0.62263800
0.61281900
0.55962900
0.52873900
0.27730200
0.18728700
0.11507100
0.03592200
0.01080800
0.00000000
0.00000000
0.00000000
0.00000000
0.00000000
0.00000000
0.00000000
0.00000000
0.00000000
0.01268800
0.05141300
0.08395400
0.16756100
0.22980200
0.26035900
0.37092400
0.64355600
0.57910000
0.58285600
0.46950900
0.24905300
0.12382100
0.04244400
0.00594500
0.00000000
0.00000000
0.00000000
0.00000000
0.00000000
0.00000000
0.00000000
0.00000000
0.00000000
0.00529900
0.04811300
0.11098000
0.11058800
0.43618100
0.60417900
0.69095300
0.68442400
0.66333300
0.54333000
0.46738000
0.30958400
0.11553600
0.03937600
0.00691800
0.00000000
0.00000000
0.00000000
0.00000000
0.00000000
0.00000000
0.00000000
0.00000000
0.00000000
0.01499500
0.05241400
0.18547600
0.35312400
0.48885600
0.66052600
0.64659100
0.70540400
0.67288600
0.60198100
0.42787700
0.23426700
0.12331300
0.04625400
0.01108900
0.00000000
0.00000000
0.00000000
0.00000000
0.00000000
0.00000000
0.00000000
0.00000000
0.00000000
0.00999800
0.02783200
0.04768800
0.08827800
0.16711500
0.23844700
0.29687100
0.34067900
0.26492200
0.24035700
0.20892600
0.17867300
0.12998700
0.03363700
0.00778900
0.00000000
0.00000000
0.00000000
0.00000000
0.00000000
0.00000000
0.00000000
0.00000000
0.00000000
0.00469000
0.04774600
0.08571900
0.12385300
0.10002700
0.13667700
0.15331400
0.17821900
0.26898400
0.22757900
0.13256400
0.10799600
0.10170300
0.04334400
0.00279700
0.00000000
0.00000000
0.00000000
0.00000000
0.00000000
0.00000000
0.00000000
0.00000000
0.00000000
0.00641700
0.05349000
0.10651700
0.16729800
0.23007900
0.26317700
0.18241900
0.17613700
0.17009300
0.25634000
0.23662300
0.14864200
0.05325900
0.04061400
0.00834800
0.00000000
0.00000000
0.00000000
0.00000000
0.00000000
0.00000000
0.00000000
0.00000000
0.00000000
0.01188400
0.06303200
0.15593500
0.20933600
0.36591100
0.39442900
0.60120200
0.57171100
0.49508200
0.53737100
0.47427300
0.31013600
0.12576000
0.03847700
0.00440600
0.00000000
0.00000000
0.00000000
0.00000000
0.00000000
0.00000000
0.00000000
0.00000000
0.00000000
0.01167500
0.03356200
0.19339700
0.38642700
0.52642000
0.48079700
0.62914900
0.62447000
0.67171000
0.61464500
0.46874600
0.31231100
0.13054600
0.02194000
0.00504600
0.00000000
0.00000000
0.00000000
0.00000000
0.00000000
0.00000000
0.00000000
0.00000000
0.00000000
0.01328400
0.04596500
0.19228400
0.37210000
0.53229300
0.64623500
0.66304700
0.64437800
0.71888400
0.60149000
0.44831800
0.28913100
0.13143500
0.03070600
0.00584500
0.00000000
0.00000000
0.00000000
0.00000000
0.00000000
0.00000000
0.00000000
0.00000000
0.00000000
0.01234200
0.04801000
0.18474600
0.35050200
0.45822200
0.57187600
0.55316100
0.61852100
0.41778300
0.32675600
0.22952900
0.13480400
0.08549500
0.02611200
0.00204700
0.00000000
0.00000000
0.00000000
0.00000000
0.00000000
0.00000000
0.00000000
0.00000000
0.00000000
0.01336400
0.03349100
0.11395200
0.18149800
0.15362900
0.27746500
0.31730800
0.19904400
0.29129200
0.28370400
0.23001400
0.16481200
0.10715500
0.03793800
0.00370300
0.00000000
0.00000000
0.00000000
0.00000000
0.00000000
0.00000000
0.00000000
0.00000000
0.00000000
0.00885800
0.03226500
0.19469900
0.27272500
0.42933300
0.63739100
0.70611100
0.74594300
0.70283800
0.61186700
0.51130500
0.32724300
0.12878200
0.02159600
0.00372900
0.00000000
0.00000000
0.00000000
0.00000000
0.00000000
0.00000000
0.00000000
0.00000000
0.00000000
0.00948500
0.03831300
0.19726900
0.38487600
0.53672700
0.63466900
0.69773300
0.69667800
0.61594000
0.60804400
0.49063000
0.31457200
0.12293900
0.02300800
0.00267400
0.00000000
0.00000000
0.00000000
0.00000000
0.00000000
0.00000000
0.00000000
0.00000000
0.00000000
0.01172400
0.05285200
0.17869200
0.34523200
0.47325700
0.57054800
0.63138400
0.63292700
0.63807200
0.56402200
0.43751800
0.28484800
0.11811800
0.03541900
0.00156200
0.00000000
0.00000000
0.00000000
0.00000000
0.00000000
0.00000000
0.00000000
0.00000000
0.00000000
0.00935100
0.04264200
0.17794300
0.34991600
0.49188700
0.55359800
0.68082800
0.70897900
0.64293400
0.62178100
0.49015200
0.31608100
0.12705800
0.02577500
0.00079700
0.00000000
0.00000000
0.00000000
0.00000000
0.00000000
0.00000000
0.00000000
0.00000000
0.00000000
0.01049200
0.05887700
0.12118100
0.14539500
0.19707800
0.29148300
0.32856500
0.71608700
0.69185200
0.58634400
0.48615700
0.27990200
0.11730800
0.03486500
0.00150500
0.00000000
0.00000000
0.00000000
0.00000000
0.00000000
0.00000000
0.00000000
0.00000000
0.00000000
0.00802400
0.04686800
0.08050100
0.14173100
0.20041500
0.18356200
0.25103000
0.25904200
0.22453500
0.41783200
0.41663400
0.22947700
0.10286400
0.03305400
0.00000000
0.00000000
0.00000000
0.00000000
0.00000000
0.00000000
0.00000000
0.00000000
0.00000000
0.00000000
0.00708900
0.04202600
0.17645900
0.36421300
0.52446400
0.59259800
0.59143900
0.34456400
0.45440300
0.22720700
0.08421100
0.10242400
0.05194000
0.02744300
0.00000000
0.00000000
0.00000000
0.00000000
0.00000000
0.00000000
0.00000000
0.00000000
0.00000000
0.00000000
0.00541300
0.05214900
0.17577300
0.19309600
0.42218600
0.46905900
0.38686400
0.24653700
0.27360100
0.21813000
0.15482500
0.10910200
0.07255900
0.03654200
0.00000000
0.00000000
0.00000000
0.00000000
0.00000000
0.00000000
0.00000000
0.00000000
0.00000000
0.00000000
0.00583100
0.04899500
0.11526500
0.19613300
0.25948800
0.27227300
0.31543500
0.34461300
0.29369200
0.28757100
0.21600300
0.16828700
0.09240400
0.01911400
0.00098100
0.00000000
0.00000000
0.00000000
0.00000000
0.00000000
0.00000000
0.00000000
0.00000000
0.00000000
0.00592600
0.03332100
0.17605400
0.27159900
0.19566300
0.22501500
0.27357100
0.27093600
0.25285400
0.25558700
0.30770300
0.14661700
0.09448200
0.02994200
0.00000000
0.00000000
0.00000000
0.00000000
0.00000000
0.00000000
0.00000000
0.00000000
0.00000000
0.00000000
0.00573200
0.03096000
0.18900600
0.37032800
0.53501600
0.64184400
0.62723500
0.55984200
0.53834600
0.49249200
0.37799900
0.31308600
0.12506900
0.02273700
0.00000000
0.00000000
0.00000000
0.00000000
0.00000000
0.00000000
0.00000000
0.00000000
0.00000000
0.00000000
0.00380900
0.03219500
0.09516000
0.13229800
0.12062900
0.20893300
0.23763200
0.16355300
0.28591200
0.27870500
0.20414500
0.14862900
0.08009400
0.01476500
0.00023100
0.00000000
0.00000000
0.00000000
0.00000000
0.00000000
0.00000000
0.00000000
0.00000000
0.00000000
0.00671700
0.04876200
0.11256600
0.17537400
0.25835000
0.26191300
0.40111200
0.56521700
0.69721400
0.63109600
0.42682000
0.24901400
0.10018100
0.02205600
0.00000000
0.00000000
0.00000000
0.00000000
0.00000000
0.00000000
0.00000000
0.00000000
0.00000000
0.00000000
0.00277600
0.02771300
0.08117900
0.18918400
0.11501700
0.27891700
0.28377300
0.18241300
0.47659300
0.35943100
0.25353300
0.11702600
0.07561000
0.01843500
0.00000000
0.00000000
0.00000000
0.00000000
0.00000000
0.00000000
0.00000000
0.00000000
0.00000000
0.00000000
0.00611000
0.04162500
0.18241500
0.37772100
0.54802200
0.64381300
0.70045900
0.66256700
0.70281200
0.58429200
0.46891300
0.31157900
0.11256300
0.02169200
0.00000000
0.00000000
0.00000000
0.00000000
0.00000000
0.00000000
0.00000000
0.00000000
0.00000000
0.00000000
0.00605600
0.04105200
0.18072500
0.37645700
0.54414600
0.67009900
0.69889700
0.74931600
0.61891700
0.59028400
0.43473800
0.26830100
0.11538800
0.02781200
0.00000000
0.00000000
0.00000000
0.00000000
0.00000000
0.00000000
0.00000000
0.00000000
0.00000000
0.00000000
0.00536500
0.04214000
0.15933100
0.30798400
0.54008800
0.52583000
0.64316100
0.69531200
0.58839900
0.59844900
0.47330500
0.27556000
0.11377400
0.01771600
0.00000000
0.00000000
0.00000000
0.00000000
0.00000000
0.00000000
0.00000000
0.00000000
0.00000000
0.00000000
0.00305300
0.03682200
0.18737900
0.37816600
0.54525800
0.62737100
0.67342500
0.63491100
0.64971000
0.58901800
0.48922800
0.31301800
0.11569300
0.01778000
0.00000000
0.00000000
0.00000000
0.00000000
0.00000000
0.00000000
0.00000000
0.00000000
0.00000000
0.00000000
0.00412000
0.04628700
0.17676700
0.38362500
0.53375800
0.61382200
0.66640900
0.68956800
0.62391600
0.52097500
0.16785200
0.13499700
0.05020100
0.00652200
0.00000000
0.00000000
0.00000000
0.00000000
0.00000000
0.00000000
0.00000000
0.00000000
0.00000000
0.00000000
0.00078200
0.01699500
0.10004200
0.17049600
0.21692800
0.26540700
0.30813500
0.31800600
0.38158800
0.39608400
0.41376400
0.26285500
0.10700000
0.00211100
0.00000000
0.00000000
0.00000000
0.00000000
0.00000000
0.00000000
0.00000000
0.00000000
0.00000000
0.00000000
0.00016000
0.04552300
0.15523300
0.18120300
0.26262500
0.43053500
0.39282500
0.33066800
0.38191600
0.45492600
0.34973200
0.18254500
0.08819800
0.02323500
0.00000000
0.00000000
0.00000000
0.00000000
0.00000000
0.00000000
0.00000000
0.00000000
0.00000000
0.00000000
0.00323600
0.03527500
0.17760400
0.31189700
0.41272000
0.36952700
0.41160200
0.26521700
0.36103700
0.13409100
0.13861400
0.14777100
0.08458900
0.01358600
0.00000000
0.00000000
0.00000000
0.00000000
0.00000000
0.00000000
0.00000000
0.00000000
0.00000000
0.00000000
0.00339200
0.03586600
0.13264900
0.29959800
0.42797000
0.44777200
0.52184000
0.37579400
0.34646400
0.19902700
0.14679400
0.12188200
0.05510700
0.00972100
0.00000000
0.00000000
0.00000000
0.00000000
0.00000000
0.00000000
0.00000000
0.00000000
0.00000000
0.00000000
0.00027800
0.03581900
0.17252000
0.35286300
0.52331000
0.59207700
0.64142400
0.47903300
0.39560300
0.58187800
0.44805400
0.27597800
0.09568200
0.01694800
0.00000000
0.00000000
0.00000000
0.00000000
0.00000000
0.00000000
0.00000000
0.00000000
0.00000000
0.00000000
0.00000000
0.03882300
0.14574500
0.32224100
0.39771500
0.62433400
0.69125500
0.70374600
0.68173300
0.57290600
0.45319800
0.27564300
0.09935000
0.01605400
0.00000000
0.00000000
0.00000000
0.00000000
0.00000000
0.00000000
0.00000000
0.00000000
0.00000000
0.00000000
0.00000000
0.02823000
0.13906500
0.24198900
0.35208400
0.45133400
0.64921800
0.68013400
0.61132200
0.55423300
0.37917300
0.25167000
0.09050500
0.01134300
0.00000000
0.00000000
0.00000000
0.00000000
0.00000000
0.00000000
0.00000000
0.00000000
0.00000000
0.00000000
0.00000000
0.04214000
0.15953900
0.38011800
0.54197200
0.64550500
0.72735000
0.71025200
0.68683900
0.44012000
0.46067100
0.28130200
0.09707400
0.01009200
0.00000000
0.00000000
0.00000000
0.00000000
0.00000000
0.00000000
0.00000000
0.00000000
0.00000000
0.00000000
0.00000000
0.02018100
0.13758400
0.35137000
0.55187600
0.66347100
0.74918500
0.76271000
0.72234800
0.62878100
0.48478400
0.29371500
0.09878600
0.01206700
0.00000000
0.00000000
0.00000000
0.00000000
0.00000000
0.00000000
0.00000000
0.00000000
0.00000000
0.00000000
0.00000000
0.01686100
0.14410700
0.28935200
0.46661400
0.54778200
0.51462100
0.51843400
0.56540600
0.55077800
0.44744900
0.27860300
0.09695200
0.01267700
0.00000000
0.00000000
0.00000000
0.00000000
0.00000000
0.00000000
0.00000000
0.00000000
0.00000000
0.00000000
0.00000000
0.02793600
0.14515200
0.24209200
0.46091700
0.58123200
0.67020800
0.63261200
0.51231500
0.44759400
0.28313500
0.24257800
0.08597400
0.00940600
0.00000000
0.00000000
0.00000000
0.00000000
0.00000000
0.00000000
0.00000000
0.00000000
0.00000000
0.00000000
0.00000000
0.03228900
0.17954800
0.34355100
0.52501200
0.60129100
0.64527700
0.71148300
0.63422000
0.58197900
0.39790400
0.24982500
0.08168300
0.00970200
0.00000000
0.00000000
0.00000000
0.00000000
0.00000000
0.00000000
0.00000000
0.00000000
0.00000000
0.00000000
0.00000000
0.02853400
0.16779200
0.35060900
0.32759400
0.24544100
0.61210400
0.69981600
0.66962500
0.59768400
0.45366200
0.26612300
0.08597200
0.01090500
0.00000000
0.00000000
0.00000000
0.00000000
0.00000000
0.00000000
0.00000000
0.00000000
0.00000000
0.00000000
0.00000000
0.03517100
0.17048400
0.32303500
0.40592200
0.58922600
0.37522900
0.20615400
0.21468400
0.24772100
0.27594300
0.15937800
0.07041700
0.01166600
0.00000000
0.00000000
0.00000000
0.00000000
0.00000000
0.00000000
0.00000000
0.00000000
0.00000000
0.00000000
0.00000000
0.03204500
0.03348500
0.15508200
0.09257600
0.13737000
0.15036600
0.14642100
0.27994500
0.22463000
0.16873100
0.10556300
0.05223800
0.01236600
0.00000000
0.00000000
0.00000000
0.00000000
0.00000000
0.00000000
0.00000000
0.00000000
0.00000000
0.00000000
0.00000000
0.02829400
0.11135600
0.23305100
0.13866700
0.18452200
0.19528000
0.48594400
0.17073400
0.10703800
0.11461200
0.04352100
0.05431600
0.00207200
0.00000000
0.00000000
0.00000000
0.00000000
0.00000000
0.00000000
0.00000000
0.00000000
0.00000000
0.00000000
0.00000000
0.02370300
0.07550800
0.17143500
0.22975100
0.29426500
0.13957000
0.24143500
0.20189200
0.20401300
0.16757100
0.08178100
0.05671400
0.00863900
0.00000000
0.00000000
0.00000000
0.00000000
0.00000000
0.00000000
0.00000000
0.00000000
0.00000000
0.00000000
0.00000000
0.03300400
0.20613700
0.42738100
0.60134100
0.71556900
0.77670800
0.77960400
0.72414500
0.60721900
0.47683800
0.28490600
0.08692500
0.00917700
0.00000000
0.00000000
0.00000000
0.00000000
0.00000000
0.00000000
0.00000000
0.00000000
0.00000000
0.00000000
0.00000000
0.02519800
0.04091500
0.10108400
0.12629400
0.15620200
0.16803500
0.14805600
0.25172000
0.26008000
0.20038100
0.12348900
0.05212300
0.00594300
0.00000000
0.00000000
0.00000000
0.00000000
0.00000000
0.00000000
0.00000000
0.00000000
0.00000000
0.00000000
0.00000000
0.03183500
0.13861100
0.11417100
0.47942700
0.62762200
0.66313000
0.70978100
0.64128600
0.51521100
0.16150400
0.14324300
0.06591800
0.00640800
0.00000000
0.00000000
0.00000000
0.00000000
0.00000000
0.00000000
0.00000000
0.00000000
0.00000000
0.00000000
0.00000000
0.01792500
0.04788900
0.16182100
0.28381600
0.31323000
0.60943400
0.66407300
0.36842900
0.55311600
0.34442200
0.19097200
0.07699000
0.00769500
0.00000000
0.00000000
0.00000000
0.00000000
0.00000000
0.00000000
0.00000000
0.00000000
0.00000000
0.00000000
0.00000000
0.03083200
0.20172200
0.37912100
0.51061100
0.64703100
0.70046100
0.70265400
0.61301200
0.57982700
0.35287900
0.23672900
0.06863500
0.00464400
0.00000000
0.00000000
0.00000000
0.00000000
0.00000000
0.00000000
0.00000000
0.00000000
0.00000000
0.00000000
0.00000000
0.02903000
0.17465900
0.36702400
0.51838000
0.59578000
0.65236100
0.66810900
0.60869100
0.53220600
0.41235300
0.21943300
0.06585900
0.00374300
0.00000000
0.00000000
0.00000000
0.00000000
0.00000000
0.00000000
0.00000000
0.00000000
0.00000000
0.00000000
0.00000000
0.03321100
0.20333500
0.39386500
0.53517100
0.64889500
0.70011900
0.73028200
0.41449100
0.21945000
0.15001700
0.08757400
0.04661200
0.00007500
0.00000000
0.00000000
0.00000000
0.00000000
0.00000000
0.00000000
0.00000000
0.00000000
0.00000000
0.00000000
0.00000000
0.01517300
0.08405600
0.13727200
0.22554900
0.24615500
0.28525100
0.31204000
0.29013600
0.23442100
0.14339200
0.06121700
0.02895800
0.00000000
0.00000000
0.00000000
0.00000000
0.00000000
0.00000000
0.00000000
0.00000000
0.00000000
0.00000000
0.00000000
0.00000000
0.01617000
0.06402200
0.08262000
0.11306500
0.15185000
0.16470200
0.15628400
0.30278400
0.54524300
0.40141500
0.23991400
0.07192100
0.00203000
0.00000000
0.00000000
0.00000000
0.00000000
0.00000000
0.00000000
0.00000000
0.00000000
0.00000000
0.00000000
0.00000000
0.02172900
0.06957500
0.05040000
0.25777000
0.45860000
0.21415200
0.17599200
0.53301700
0.45948200
0.42223200
0.22573800
0.06597500
0.00000000
0.00000000
0.00000000
0.00000000
0.00000000
0.00000000
0.00000000
0.00000000
0.00000000
0.00000000
0.00000000
0.00000000
0.03188800
0.20741300
0.42384200
0.54989400
0.67907800
0.59774200
0.76657300
0.68346900
0.59163900
0.37953400
0.22263600
0.06368800
0.00188900
0.00000000
0.00000000
0.00000000
0.00000000
0.00000000
0.00000000
0.00000000
0.00000000
0.00000000
0.00000000
0.00000000
0.00567400
0.03945600
0.12208000
0.16051400
0.19553300
0.13984500
0.18596600
0.17426200
0.23029500
0.09797500
0.06867800
0.02381400
0.00000000
0.00000000
0.00000000
0.00000000
0.00000000
0.00000000
0.00000000
0.00000000
0.00000000
0.00000000
0.00000000
0.00000000
0.02897400
0.18061400
0.36677100
0.53562000
0.63093400
0.71421700
0.22656400
0.64914300
0.26166100
0.26676100
0.13562600
0.04756700
0.00000000
0.00000000
0.00000000
0.00000000
0.00000000
0.00000000
0.00000000
0.00000000
0.00000000
0.00000000
0.00000000
0.00000000
0.03009800
0.19947200
0.36717300
0.38161200
0.41836100
0.54688100
0.70562300
0.16504200
0.17737800
0.14527900
0.09232800
0.02327600
0.00000000
0.00000000
0.00000000
0.00000000
0.00000000
0.00000000
0.00000000
0.00000000
0.00000000
0.00000000
0.00000000
0.00000000
0.00760300
0.07313100
0.19463600
0.56266900
0.66817400
0.76859500
0.71073300
0.35996800
0.14192300
0.23158800
0.16944300
0.04858000
0.00000000
0.00000000
0.00000000
0.00000000
0.00000000
0.00000000
0.00000000
0.00000000
0.00000000
0.00000000
0.00000000
0.00000000
0.01619800
0.05108500
0.15182200
0.10359000
0.11391200
0.13532900
0.26041100
0.12897800
0.10968000
0.09437100
0.05935700
0.02612000
0.00000000
0.00000000
0.00000000
0.00000000
0.00000000
0.00000000
0.00000000
0.00000000
0.00000000
0.00000000
0.00000000
0.00000000
0.02740900
0.20779600
0.39001200
0.55468000
0.68547600
0.63277200
0.83333300
0.66245300
0.36708800
0.33292100
0.15597400
0.04727500
0.00000000
0.00000000
0.00000000
0.00000000
0.00000000
0.00000000
0.00000000
0.00000000
0.00000000
0.00000000
0.00000000
0.00000000
0.01566700
0.05126100
0.14237200
0.16535500
0.41037900
0.40466500
0.57443500
0.63590500
0.55520800
0.32364000
0.04024300
0.02021600
0.00000000
0.00000000
0.00000000
0.00000000
0.00000000
0.00000000
0.00000000
0.00000000
0.00000000
0.00000000
0.00000000
0.00000000
0.01060800
0.08167200
0.08817800
0.22381900
0.58237100
0.59318600
0.55012700
0.47823000
0.23436400
0.36458100
0.21569800
0.04266200
0.00000000
0.00000000
0.00000000
0.00000000
0.00000000
0.00000000
0.00000000
0.00000000
0.00000000
0.00000000
0.00000000
0.00000000
0.01531600
0.04183500
0.12767300
0.16538300
0.20351800
0.22749600
0.21450700
0.40791200
0.60719700
0.44004900
0.23470200
0.04596500
0.00000000
0.00000000
0.00000000
0.00000000
0.00000000
0.00000000
0.00000000
0.00000000
0.00000000
0.00000000
0.00000000
0.00000000
0.02106100
0.16876500
0.35314500
0.48281600
0.57451700
0.71023600
0.75712500
0.66662400
0.50677700
0.30537800
0.10119500
0.03542600
0.00000000
0.00000000
0.00000000
0.00000000
0.00000000
0.00000000
0.00000000
0.00000000
0.00000000
0.00000000
0.00000000
0.00000000
0.00917400
0.04052100
0.11673200
0.21791400
0.20866500
0.61077300
0.48907700
0.20647900
0.17421000
0.11596400
0.03865100
0.00685000
0.00000000
0.00000000
0.00000000
0.00000000
0.00000000
0.00000000
0.00000000
0.00000000
0.00000000
0.00000000
0.00000000
0.00000000
0.00242500
0.02896800
0.06773900
0.11885000
0.12945600
0.25705300
0.31854800
0.08178100
0.35179400
0.16508200
0.12527900
0.02731600
0.00000000
0.00000000
0.00000000
0.00000000
0.00000000
0.00000000
0.00000000
0.00000000
0.00000000
0.00000000
0.00000000
0.00000000
0.01881100
0.13588700
0.33357400
0.35184800
0.53194000
0.48491200
0.37055200
0.63535200
0.56704600
0.41761900
0.22030800
0.04198200
0.00000000
0.00000000
0.00000000
0.00000000
0.00000000
0.00000000
0.00000000
0.00000000
0.00000000
0.00000000
0.00000000
0.00000000
0.02540300
0.19123400
0.41806300
0.59318000
0.71377100
0.77007300
0.76658500
0.71570400
0.60150000
0.43110300
0.22000200
0.03833500
0.00000000
0.00000000
0.00000000
0.00000000
0.00000000
0.00000000
0.00000000
0.00000000
0.00000000
0.00000000
0.00000000
0.00000000
0.01046200
0.11727500
0.31489400
0.53428700
0.66338500
0.59026100
0.69818600
0.62461500
0.45145600
0.26611400
0.10076400
0.01424800
0.00000000
0.00000000
0.00000000
0.00000000
0.00000000
0.00000000
0.00000000
0.00000000
0.00000000
0.00000000
0.00000000
0.00000000
0.02078400
0.17030900
0.37951300
0.56401400
0.68516200
0.73585500
0.73838000
0.68273200
0.57377000
0.40274400
0.19560800
0.02850500
0.00000000
0.00000000
0.00000000
0.00000000
0.00000000
0.00000000
0.00000000
0.00000000
0.00000000
0.00000000
0.00000000
0.00000000
0.00083100
0.02846400
0.10493000
0.15935700
0.44071500
0.46362500
0.64291100
0.61253500
0.45704900
0.29544800
0.16954100
0.02344700
0.00000000
0.00000000
0.00000000
0.00000000
0.00000000
0.00000000
0.00000000
0.00000000
0.00000000
0.00000000
0.00000000
0.00000000
0.00563900
0.03814100
0.07923900
0.19513300
0.18263600
0.19342000
0.20574600
0.21365700
0.16429300
0.12456600
0.07929300
0.01801400
0.00000000
0.00000000
0.00000000
0.00000000
0.00000000
0.00000000
0.00000000
0.00000000
0.00000000
0.00000000
0.00000000
0.00000000
0.00000000
0.07678500
0.32870600
0.56227900
0.67536000
0.56722700
0.69756900
0.57726000
0.56343400
0.38675200
0.14527600
0.02182300
0.00000000
0.00000000
0.00000000
0.00000000
0.00000000
0.00000000
0.00000000
0.00000000
0.00000000
0.00000000
0.00000000
0.00000000
0.00259700
0.05333600
0.10955800
0.17726200
0.22625500
0.23366200
0.22407100
0.29356500
0.24308500
0.16025400
0.06276000
0.02045600
0.00000000
0.00000000
0.00000000
0.00000000
0.00000000
0.00000000
0.00000000
0.00000000
0.00000000
0.00000000
0.00000000
0.00000000
0.01006000
0.10626600
0.15644500
0.09644700
0.19221300
0.28142000
0.21658600
0.25382700
0.17066000
0.12465600
0.06338200
0.01502700
0.00000000
0.00000000
0.00000000
0.00000000
0.00000000
0.00000000
0.00000000
0.00000000
0.00000000
0.00000000
0.00000000
0.00000000
0.00970400
0.04916200
0.10859100
0.17751600
0.21334500
0.22855100
0.23394900
0.23262600
0.16497000
0.12917100
0.05290000
0.01136500
0.00000000
0.00000000
0.00000000
0.00000000
0.00000000
0.00000000
0.00000000
0.00000000
0.00000000
0.00000000
0.00000000
0.00000000
0.02479600
0.19729200
0.40624400
0.57061500
0.64264800
0.51325900
0.20044200
0.17273100
0.16357400
0.11898700
0.06379900
0.00726100
0.00000000
0.00000000
0.00000000
0.00000000
0.00000000
0.00000000
0.00000000
0.00000000
0.00000000
0.00000000
0.00000000
0.00000000
0.00420200
0.05526100
0.11182200
0.32470300
0.35313700
0.34736600
0.15815300
0.16583700
0.16169300
0.10802200
0.04435800
0.00409700
0.00000000
0.00000000
0.00000000
0.00000000
0.00000000
0.00000000
0.00000000
0.00000000
0.00000000
0.00000000
0.00000000
0.00000000
0.02332200
0.19609000
0.39455600
0.60232200
0.72586500
0.74988500
0.75662600
0.68938400
0.56744900
0.40243400
0.10621900
0.01734900
0.00000000
0.00000000
0.00000000
0.00000000
0.00000000
0.00000000
0.00000000
0.00000000
0.00000000
0.00000000
0.00000000
0.00000000
0.00000000
0.03238000
0.08695000
0.13982600
0.24439200
0.37349600
0.28150800
0.40837500
0.37426300
0.28692200
0.10793600
0.00536900
0.00000000
0.00000000
0.00000000
0.00000000
0.00000000
0.00000000
0.00000000
0.00000000
0.00000000
0.00000000
0.00000000
0.00000000
0.02572800
0.16496800
0.36619900
0.38590600
0.58099900
0.48273600
0.24795800
0.26236000
0.18933400
0.06579900
0.03864600
0.00079000
0.00000000
0.00000000
0.00000000
0.00000000
0.00000000
0.00000000
0.00000000
0.00000000
0.00000000
0.00000000
0.00000000
0.00000000
0.00380000
0.04660800
0.13080100
0.26729600
0.30323100
0.46222200
0.39355100
0.32461800
0.22921000
0.07551900
0.04512300
0.00026700
0.00000000
0.00000000
0.00000000
0.00000000
0.00000000
0.00000000
0.00000000
0.00000000
0.00000000
0.00000000
0.00000000
0.00000000
0.00030000
0.05511100
0.08203900
0.13919300
0.18406100
0.23082500
0.25201900
0.22227800
0.15587700
0.11515700
0.04705600
0.00524100
0.00000000
0.00000000
0.00000000
0.00000000
0.00000000
0.00000000
0.00000000
0.00000000
0.00000000
0.00000000
0.00000000
0.00000000
0.00119100
0.06449700
0.11827000
0.09723900
0.21458100
0.27201900
0.13691500
0.23903000
0.17570100
0.07602700
0.05977400
0.00519900
0.00000000
0.00000000
0.00000000
0.00000000
0.00000000
0.00000000
0.00000000
0.00000000
0.00000000
0.00000000
0.00000000
0.00000000
0.00000000
0.04277000
0.10481400
0.10454400
0.21113000
0.23372100
0.13115400
0.21117400
0.18964700
0.10956900
0.04339100
0.00374000
0.00000000
0.00000000
0.00000000
0.00000000
0.00000000
0.00000000
0.00000000
0.00000000
0.00000000
0.00000000
0.00000000
0.00000000
0.00496500
0.09122200
0.23600200
0.16498600
0.37026800
0.55470800
0.77291500
0.51910800
0.25166700
0.11648300
0.02617300
0.00000000
0.00000000
0.00000000
0.00000000
0.00000000
0.00000000
0.00000000
0.00000000
0.00000000
0.00000000
0.00000000
0.00000000
0.00000000
0.00259900
0.08721700
0.35948700
0.48984500
0.57059200
0.76006800
0.50641700
0.50891000
0.23325000
0.10890900
0.04715500
0.00043800
0.00000000
0.00000000
0.00000000
0.00000000
0.00000000
0.00000000
0.00000000
0.00000000
0.00000000
0.00000000
0.00000000
0.00000000
0.00000000
0.05529100
0.19028800
0.19504300
0.40000500
0.41962600
0.23831300
0.45795600
0.48005000
0.35039600
0.12201500
0.00116900
0.00000000
0.00000000
0.00000000
0.00000000
0.00000000
0.00000000
0.00000000
0.00000000
0.00000000
0.00000000
0.00000000
0.00000000
0.00077700
0.13444600
0.36024200
0.54134500
0.65743900
0.68858500
0.67591900
0.61421100
0.51246700
0.33365800
0.12055900
0.00109400
0.00000000
0.00000000
0.00000000
0.00000000
0.00000000
0.00000000
0.00000000
0.00000000
0.00000000
0.00000000
0.00000000
0.00000000
0.00000000
0.05639800
0.26848000
0.34376500
0.41436300
0.45925300
0.44111600
0.42405300
0.26718700
0.14121800
0.02140600
0.00000000
0.00000000
0.00000000
0.00000000
0.00000000
0.00000000
0.00000000
0.00000000
0.00000000
0.00000000
0.00000000
0.00000000
0.00000000
0.00000000
0.02478800
0.12563400
0.10526900
0.17185500
0.21211900
0.11490900
0.24402100
0.15527100
0.06580600
0.04019900
0.00000000
0.00000000
0.00000000
0.00000000
0.00000000
0.00000000
0.00000000
0.00000000
0.00000000
0.00000000
0.00000000
0.00000000
0.00000000
0.00000000
0.03933500
0.11084900
0.09599700
0.22734100
0.25904300
0.12494700
0.23692600
0.15728700
0.05630000
0.03796100
0.00000000
0.00000000
0.00000000
0.00000000
0.00000000
0.00000000
0.00000000
0.00000000
0.00000000
0.00000000
0.00000000
0.00000000
0.00000000
0.00000000
0.03416500
0.06383700
0.08253500
0.22285600
0.17317000
0.12957900
0.18546500
0.17359900
0.05031500
0.03634000
0.00000000
0.00000000
0.00000000
0.00000000
0.00000000
0.00000000
0.00000000
0.00000000
0.00000000
0.00000000
0.00000000
0.00000000
0.00000000
0.00000000
0.03821600
0.11386200
0.16987900
0.21628800
0.22775800
0.23186800
0.20852500
0.16918900
0.10762800
0.03205600
0.00000000
0.00000000
0.00000000
0.00000000
0.00000000
0.00000000
0.00000000
0.00000000
0.00000000
0.00000000
0.00000000
0.00000000
0.00000000
0.00111400
0.16042900
0.38707100
0.58702800
0.67167700
0.62881000
0.59566400
0.48252100
0.32105600
0.19165200
0.08321600
0.00000000
0.00000000
0.00000000
0.00000000
0.00000000
0.00000000
0.00000000
0.00000000
0.00000000
0.00000000
0.00000000
0.00000000
0.00000000
0.00000000
0.05561000
0.08139300
0.19394500
0.62712800
0.62598700
0.68438800
0.64167700
0.46412400
0.30641600
0.13866100
0.00003100
0.00000000
0.00000000
0.00000000
0.00000000
0.00000000
0.00000000
0.00000000
0.00000000
0.00000000
0.00000000
0.00000000
0.00000000
0.00000000
0.02903200
0.05143900
0.15735700
0.16106700
0.17057000
0.21708900
0.17697500
0.11588200
0.07874500
0.03106800
0.00000000
0.00000000
0.00000000
0.00000000
0.00000000
0.00000000
0.00000000
0.00000000
0.00000000
0.00000000
0.00000000
0.00000000
0.00000000
0.00000000
0.07576700
0.20147000
0.11059400
0.18914000
0.09605900
0.08827300
0.17063900
0.11817400
0.10657200
0.04701300
0.00000000
0.00000000
0.00000000
0.00000000
0.00000000
0.00000000
0.00000000
0.00000000
0.00000000
0.00000000
0.00000000
0.00000000
0.00000000
0.00000000
0.03014200
0.07171600
0.13812500
0.16783400
0.21178600
0.18834200
0.17370100
0.14305000
0.09811100
0.03759700
0.00000000
0.00000000
0.00000000
0.00000000
0.00000000
0.00000000
0.00000000
0.00000000
0.00000000
0.00000000
0.00000000
0.00000000
0.00000000
0.00000000
0.02265800
0.09024000
0.11589000
0.39947000
0.47430600
0.24945600
0.38993700
0.16268300
0.05940600
0.00834700
0.00000000
0.00000000
0.00000000
0.00000000
0.00000000
0.00000000
0.00000000
0.00000000
0.00000000
0.00000000
0.00000000
0.00000000
0.00000000
0.00000000
0.01374200
0.05776900
0.14166700
0.15248800
0.17767700
0.21980000
0.09105400
0.13647700
0.04117800
0.00957100
0.00000000
0.00000000
0.00000000
0.00000000
0.00000000
0.00000000
0.00000000
0.00000000
0.00000000
0.00000000
0.00000000
0.00000000
0.00000000
0.00000000
0.02171700
0.09977200
0.16083300
0.18645900
0.12070900
0.22063100
0.10179900
0.15240200
0.08407400
0.01973400
0.00000000
0.00000000
0.00000000
0.00000000
0.00000000
0.00000000
0.00000000
0.00000000
0.00000000
0.00000000
0.00000000
0.00000000
0.00000000
0.00000000
0.00880500
0.07050600
0.14096300
0.09412700
0.10309300
0.11039500
0.17451900
0.14380000
0.08190200
0.02157400
0.00000000
0.00000000
0.00000000
0.00000000
0.00000000
0.00000000
0.00000000
0.00000000
0.00000000
0.00000000
0.00000000
0.00000000
0.00000000
0.00000000
0.02547000
0.08411900
0.13586200
0.20698000
0.23043400
0.19918800
0.18283200
0.13998500
0.08296200
0.02458100
0.00000000
0.00000000
0.00000000
0.00000000
0.00000000
0.00000000
0.00000000
0.00000000
0.00000000
0.00000000
0.00000000
0.00000000
0.00000000
0.00000000
0.10731300
0.32430900
0.56991800
0.69843500
0.68280200
0.68423000
0.67422600
0.54324800
0.34386300
0.10962800
0.00000000
0.00000000
0.00000000
0.00000000
0.00000000
0.00000000
0.00000000
0.00000000
0.00000000
0.00000000
0.00000000
0.00000000
0.00000000
0.00000000
0.01170800
0.05028200
0.09819900
0.16683200
0.14287800
0.20798100
0.19320800
0.11087400
0.20058800
0.03638300
0.00000000
0.00000000
0.00000000
0.00000000
0.00000000
0.00000000
0.00000000
0.00000000
0.00000000
0.00000000
0.00000000
0.00000000
0.00000000
0.00000000
0.01403000
0.05990100
0.11127300
0.36646700
0.50021000
0.16321900
0.18415600
0.23384600
0.14571200
0.03806800
0.00000000
0.00000000
0.00000000
0.00000000
0.00000000
0.00000000
0.00000000
0.00000000
0.00000000
0.00000000
0.00000000
0.00000000
0.00000000
0.00000000
0.01790800
0.11727400
0.15085800
0.39894400
0.38437300
0.28345500
0.16328700
0.08470300
0.06562000
0.01073400
0.00000000
0.00000000
0.00000000
0.00000000
0.00000000
0.00000000
0.00000000
0.00000000
0.00000000
0.00000000
0.00000000
0.00000000
0.00000000
0.00000000
0.00657100
0.03223200
0.06161100
0.08934600
0.11517000
0.11300500
0.09700500
0.08440300
0.04068000
0.02162400
0.00000000
0.00000000
0.00000000
0.00000000
0.00000000
0.00000000
0.00000000
0.00000000
0.00000000
0.00000000
0.00000000
0.00000000
0.00000000
0.00000000
0.02964000
0.02105200
0.06764600
0.12156100
0.13582800
0.09561000
0.08086400
0.10140900
0.03770700
0.00674000
0.00000000
0.00000000
0.00000000
0.00000000
0.00000000
0.00000000
0.00000000
0.00000000
0.00000000
0.00000000
0.00000000
0.00000000
0.00000000
0.00000000
0.01624200
0.08502800
0.07795500
0.20294200
0.10887400
0.23411700
0.20028200
0.15195200
0.08997000
0.01993500
0.00000000
0.00000000
0.00000000
0.00000000
0.00000000
0.00000000
0.00000000
0.00000000
0.00000000
0.00000000
0.00000000
0.00000000
0.00000000
0.00000000
0.02937200
0.12662100
0.19598100
0.25752300
0.26195000
0.27375300
0.25851500
0.18083000
0.04901800
0.02959100
0.00000000
0.00000000
0.00000000
0.00000000
0.00000000
0.00000000
0.00000000
0.00000000
0.00000000
0.00000000
0.00000000
0.00000000
0.00000000
0.00000000
0.12388000
0.40097400
0.55778200
0.71687500
0.68166700
0.72397200
0.55707400
0.29362800
0.13434000
0.05673900
0.00000000
0.00000000
0.00000000
0.00000000
0.00000000
0.00000000
0.00000000
0.00000000
0.00000000
0.00000000
0.00000000
0.00000000
0.00000000
0.00000000
0.02033100
0.07826600
0.15045200
0.10546400
0.11948600
0.14872300
0.51060600
0.40578400
0.11981200
0.06741400
0.00000000
0.00000000
0.00000000
0.00000000
0.00000000
0.00000000
0.00000000
0.00000000
0.00000000
0.00000000
0.00000000
0.00000000
0.00000000
0.00000000
0.00826200
0.03903600
0.07376300
0.14903900
0.18895800
0.16605300
0.19081500
0.11168200
0.06401500
0.02183400
0.00000000
0.00000000
0.00000000
0.00000000
0.00000000
0.00000000
0.00000000
0.00000000
0.00000000
0.00000000
0.00000000
0.00000000
0.00000000
0.00000000
0.02993600
0.05757600
0.06684000
0.13680300
0.18431800
0.12502600
0.12389000
0.11717600
0.06192200
0.01092300
0.00000000
0.00000000
0.00000000
0.00000000
0.00000000
0.00000000
0.00000000
0.00000000
0.00000000
0.00000000
0.00000000
0.00000000
0.00000000
0.00000000
0.01640100
0.02668200
0.11620000
0.14841400
0.09914900
0.10895000
0.09184700
0.06623800
0.03488900
0.00554400
0.00000000
0.00000000
0.00000000
0.00000000
0.00000000
0.00000000
0.00000000
0.00000000
0.00000000
0.00000000
0.00000000
0.00000000
0.00000000
0.00000000
0.00271500
0.02974500
0.05461500
0.15659200
0.17372600
0.20450800
0.14966500
0.13098500
0.05513700
0.01429000
0.00000000
0.00000000
0.00000000
0.00000000
0.00000000
0.00000000
0.00000000
0.00000000
0.00000000
0.00000000
0.00000000
0.00000000
0.00000000
0.00000000
0.01351200
0.07155900
0.12963400
0.20482800
0.43787900
0.30988800
0.07408100
0.42625500
0.09403400
0.01214000
0.00000000
0.00000000
0.00000000
0.00000000
0.00000000
0.00000000
0.00000000
0.00000000
0.00000000
0.00000000
0.00000000
0.00000000
0.00000000
0.00000000
0.04468400
0.16886700
0.49476400
0.66752300
0.69486100
0.40904900
0.35198500
0.41299500
0.22382000
0.05732200
0.00000000
0.00000000
0.00000000
0.00000000
0.00000000
0.00000000
0.00000000
0.00000000
0.00000000
0.00000000
0.00000000
0.00000000
0.00000000
0.00000000
0.01011300
0.09826800
0.09494400
0.07401800
0.08958000
0.07643300
0.07773600
0.05517600
0.03588100
0.00624900
0.00000000
0.00000000
0.00000000
0.00000000
0.00000000
0.00000000
0.00000000
0.00000000
0.00000000
0.00000000
0.00000000
0.00000000
0.00000000
0.00000000
0.01148900
0.09064500
0.14139100
0.21189400
0.21944300
0.21432200
0.21072600
0.14598800
0.07884900
0.01389400
0.00000000
0.00000000
0.00000000
0.00000000
0.00000000
0.00000000
0.00000000
0.00000000
0.00000000
0.00000000
0.00000000
0.00000000
0.00000000
0.00000000
0.05790200
0.33667000
0.52594800
0.25826300
0.48463900
0.52395300
0.71201800
0.55741700
0.36196100
0.08376900
0.00000000
0.00000000
0.00000000
0.00000000
0.00000000
0.00000000
0.00000000
0.00000000
0.00000000
0.00000000
0.00000000
0.00000000
0.00000000
0.00000000
0.01962000
0.23889600
0.42090500
0.48618100
0.68295100
0.59484000
0.38319000
0.32669900
0.12441700
0.02483600
0.00000000
0.00000000
0.00000000
0.00000000
0.00000000
0.00000000
0.00000000
0.00000000
0.00000000
0.00000000
0.00000000
0.00000000
0.00000000
0.00000000
0.00808600
0.12130200
0.23332600
0.53076500
0.44209700
0.15353400
0.16290100
0.12961800
0.07805100
0.01913600
0.00000000
0.00000000
0.00000000
0.00000000
0.00000000
0.00000000
0.00000000
0.00000000
0.00000000
0.00000000
0.00000000
0.00000000
0.00000000
0.00000000
0.00405100
0.08274700
0.22910100
0.16099400
0.14895100
0.21216500
0.18574600
0.10829200
0.14394200
0.00800500
0.00000000
0.00000000
0.00000000
0.00000000
0.00000000
0.00000000
0.00000000
0.00000000
0.00000000
0.00000000
0.00000000
0.00000000
0.00000000
0.00000000
0.00000000
0.03398600
0.27381300
0.25641500
0.43057200
0.23000000
0.11896600
0.37377400
0.15159300
0.04325800
0.00000000
0.00000000
0.00000000
0.00000000
0.00000000
0.00000000
0.00000000
0.00000000
0.00000000
0.00000000
0.00000000
0.00000000
0.00000000
0.00000000
0.03594800
0.12727400
0.10182700
0.24196600
0.10975400
0.30786300
0.11655100
0.07393900
0.04561400
0.00598200
0.00000000
0.00000000
0.00000000
0.00000000
0.00000000
0.00000000
0.00000000
0.00000000
0.00000000
0.00000000
0.00000000
0.00000000
0.00000000
0.00000000
0.01296000
0.12905800
0.36534700
0.44708000
0.63199900
0.61592000
0.47165200
0.19927000
0.11622600
0.02420400
0.00000000
0.00000000
0.00000000
0.00000000
0.00000000
0.00000000
0.00000000
0.00000000
0.00000000
0.00000000
0.00000000
0.00000000
0.00000000
0.00000000
0.03076300
0.30482900
0.50802900
0.65343000
0.72534700
0.72461500
0.65842000
0.52916000
0.30618400
0.05594400
0.00000000
0.00000000
0.00000000
0.00000000
0.00000000
0.00000000
0.00000000
0.00000000
0.00000000
0.00000000
0.00000000
0.00000000
0.00000000
0.00000000
0.00000000
0.03993400
0.07938100
0.10494100
0.13576500
0.07553300
0.15604600
0.09739900
0.07532200
0.02414600
0.00000000
0.00000000
0.00000000
0.00000000
0.00000000
0.00000000
0.00000000
0.00000000
0.00000000
0.00000000
0.00000000
0.00000000
0.00000000
0.00000000
0.00645400
0.04351100
0.12762900
0.13052600
0.13049400
0.08447500
0.11387100
0.10448800
0.05767900
0.00133500
0.00000000
0.00000000
0.00000000
0.00000000
0.00000000
0.00000000
0.00000000
0.00000000
0.00000000
0.00000000
0.00000000
0.00000000
0.00000000
0.00000000
0.00219500
0.03889800
0.09312300
0.13995800
0.17623600
0.16584300
0.16969900
0.10604300
0.05749200
0.00902100
0.00000000
0.00000000
0.00000000
0.00000000
0.00000000
0.00000000
0.00000000
0.00000000
0.00000000
0.00000000
0.00000000
0.00000000
0.00000000
0.00000000
0.00153600
0.05690600
0.14216300
0.19374000
0.20069900
0.23529100
0.18886300
0.13537200
0.08520200
0.01324500
0.00000000
0.00000000
0.00000000
0.00000000
0.00000000
0.00000000
0.00000000
0.00000000
0.00000000
0.00000000
0.00000000
0.00000000
0.00000000
0.00000000
0.00157000
0.06081100
0.47663000
0.42574400
0.56816600
0.38894800
0.48198400
0.23055700
0.12750800
0.00870500
0.00000000
0.00000000
0.00000000
0.00000000
0.00000000
0.00000000
0.00000000
0.00000000
0.00000000
0.00000000
0.00000000
0.00000000
0.00000000
0.00000000
0.00000000
0.03742400
0.04803200
0.07266400
0.07181800
0.18485400
0.17851400
0.14738900
0.06474600
0.01315200
0.00000000
0.00000000
0.00000000
0.00000000
0.00000000
0.00000000
0.00000000
0.00000000
0.00000000
0.00000000
0.00000000
0.00000000
0.00000000
0.00000000
0.00674300
0.13418400
0.10987600
0.16443900
0.14631800
0.18995000
0.17858800
0.16294900
0.08103600
0.01089200
0.00000000
0.00000000
0.00000000
0.00000000
0.00000000
0.00000000
0.00000000
0.00000000
0.00000000
0.00000000
0.00000000
0.00000000
0.00000000
0.00000000
0.00000000
0.06314900
0.11960300
0.17178600
0.23037600
0.20106000
0.21307000
0.10084300
0.05083900
0.01228600
0.00000000
0.00000000
0.00000000
0.00000000
0.00000000
0.00000000
0.00000000
0.00000000
0.00000000
0.00000000
0.00000000
0.00000000
0.00000000
0.00000000
0.00528100
0.06352800
0.36776300
0.57158600
0.68112200
0.71813500
0.60583100
0.46818600
0.20225400
0.03756300
0.00000000
0.00000000
0.00000000
0.00000000
0.00000000
0.00000000
0.00000000
0.00000000
0.00000000
0.00000000
0.00000000
0.00000000
0.00000000
0.00000000
0.00000000
0.05746000
0.21404900
0.22843600
0.07940700
0.08281100
0.18062100
0.05842200
0.03412700
0.00553700
0.00000000
0.00000000
0.00000000
0.00000000
0.00000000
0.00000000
0.00000000
0.00000000
0.00000000
0.00000000
0.00000000
0.00000000
0.00000000
0.00000000
0.00000000
0.04095900
0.10084300
0.15421500
0.18176900
0.18281100
0.18309400
0.12415100
0.06768800
0.00815400
0.00000000
0.00000000
0.00000000
0.00000000
0.00000000
0.00000000
0.00000000
0.00000000
0.00000000
0.00000000
0.00000000
0.00000000
0.00000000
0.00000000
0.00091900
0.06201000
0.12136000
0.18768300
0.20707000
0.20345600
0.18170600
0.15212600
0.12829100
0.00682100
0.00000000
0.00000000
0.00000000
0.00000000
0.00000000
0.00000000
0.00000000
0.00000000
0.00000000
0.00000000
0.00000000
0.00000000
0.00000000
0.00000000
0.00000000
0.04372200
0.21342700
0.12021900
0.19834400
0.17637300
0.14985100
0.12444900
0.07620200
0.01386300
0.00000000
0.00000000
0.00000000
0.00000000
0.00000000
0.00000000
0.00000000
0.00000000
0.00000000
0.00000000
0.00000000
0.00000000
0.00000000
0.00000000
0.00000000
0.06995600
0.13391300
0.20932300
0.23428700
0.22383400
0.20605000
0.14908400
0.10128500
0.01526800
0.00000000
0.00000000
0.00000000
0.00000000
0.00000000
0.00000000
0.00000000
0.00000000
0.00000000
0.00000000
0.00000000
0.00000000
0.00000000
0.00000000
0.01708700
0.25690500
0.48266900
0.24897300
0.28692600
0.24076700
0.27286800
0.35279200
0.06982700
0.03485100
0.00000000
0.00000000
0.00000000
0.00000000
0.00000000
0.00000000
0.00000000
0.00000000
0.00000000
0.00000000
0.00000000
0.00000000
0.00000000
0.00000000
0.00153300
0.05008800
0.13778600
0.18599600
0.28597300
0.17834500
0.36153800
0.10689700
0.07767400
0.00894100
0.00000000
0.00000000
0.00000000
0.00000000
0.00000000
0.00000000
0.00000000
0.00000000
0.00000000
0.00000000
0.00000000
0.00000000
0.00000000
0.00000000
0.00000000
0.02086300
0.05245100
0.09487000
0.11056300
0.11271900
0.12390400
0.08733600
0.04203900
0.00597600
0.00000000
0.00000000
0.00000000
0.00000000
0.00000000
0.00000000
0.00000000
0.00000000
0.00000000
0.00000000
0.00000000
0.00000000
0.00000000
0.00000000
0.00000200
0.07208200
0.15935800
0.19835200
0.26309600
0.22502400
0.20364600
0.18002100
0.11474600
0.01486500
0.00000000
0.00000000
0.00000000
0.00000000
0.00000000
0.00000000
0.00000000
0.00000000
0.00000000
0.00000000
0.00000000
0.00000000
0.00000000
0.00000000
0.00362500
0.07940000
0.24353400
0.40012300
0.26965400
0.19427300
0.13028100
0.10129500
0.07465900
0.01371800
0.00000000
0.00000000
0.00000000
0.00000000
0.00000000
0.00000000
0.00000000
0.00000000
0.00000000
0.00000000
0.00000000
0.00000000
0.00000000
0.00000000
0.00000000
0.02573100
0.08493600
0.15817800
0.19101700
0.20444600
0.17290700
0.14746700
0.07313000
0.02198400
0.00000000
0.00000000
0.00000000
0.00000000
0.00000000
0.00000000
0.00000000
0.00000000
0.00000000
0.00000000
0.00000000
0.00000000
0.00000000
0.00000000
0.00489100
0.08206800
0.39732900
0.62874000
0.67878100
0.78081400
0.69677600
0.52378000
0.30167400
0.06693200
0.00000000
0.00000000
0.00000000
0.00000000
0.00000000
0.00000000
0.00000000
0.00000000
0.00000000
0.00000000
0.00000000
0.00000000
0.00000000
0.00000000
0.00000000
0.02266600
0.09968700
0.15284500
0.08533000
0.09934700
0.11279200
0.07720100
0.03738100
0.00422000
0.00000000
0.00000000
0.00000000
0.00000000
0.00000000
0.00000000
0.00000000
0.00000000
0.00000000
0.00000000
0.00000000
0.00000000
0.00000000
0.00000000
0.00000000
0.04238400
0.09449200
0.21860700
0.16958200
0.18071200
0.11093200
0.11718100
0.04604200
0.00228200
0.00000000
0.00000000
0.00000000
0.00000000
0.00000000
0.00000000
0.00000000
0.00000000
0.00000000
0.00000000
0.00000000
0.00000000
0.00000000
0.00000000
0.00000000
0.02079900
0.09732500
0.15608100
0.18005100
0.20232300
0.16350800
0.12431400
0.07350800
0.01912000
0.00000000
0.00000000
0.00000000
0.00000000
0.00000000
0.00000000
0.00000000
0.00000000
0.00000000
0.00000000
0.00000000
0.00000000
0.00000000
0.00000000
0.00000000
0.03849500
0.10180000
0.14065800
0.19764500
0.17521200
0.19222700
0.14479400
0.08720400
0.01337400
0.00000000
0.00000000
0.00000000
0.00000000
0.00000000
0.00000000
0.00000000
0.00000000
0.00000000
0.00000000
0.00000000
0.00000000
0.00000000
0.00000000
0.00000000
0.07680400
0.29036200
0.08922000
0.09898800
0.13755800
0.11017000
0.05218500
0.02597200
0.00538700
0.00000000
0.00000000
0.00000000
0.00000000
0.00000000
0.00000000
0.00000000
0.00000000
0.00000000
0.00000000
0.00000000
0.00000000
0.00000000
0.00000000
0.00000000
0.15659200
0.43819700
0.55158500
0.47368600
0.66512800
0.55583700
0.29412900
0.26681500
0.02549000
0.00000000
0.00000000
0.00000000
0.00000000
0.00000000
0.00000000
0.00000000
0.00000000
0.00000000
0.00000000
0.00000000
0.00000000
0.00000000
0.00000000
0.00000000
0.03376800
0.09341400
0.21689800
0.14372500
0.15009900
0.31142300
0.51151800
0.06754100
0.02912800
0.00000000
0.00000000
0.00000000
0.00000000
0.00000000
0.00000000
0.00000000
